4595.0 906882.8590526581
4596.25 909970.2329429388
4597.5 846047.6865805387
4598.75 803207.877292633
4600.0 837055.4760665894
4601.25 846304.0021629333
4602.5 892722.1793403625
4603.75 822566.7153644562
4605.0 793501.0724430084
4606.25 874661.8915929794
4607.5 944659.5905075073
4608.75 882761.3982667923
4610.0 902039.8374023438
4611.25 792962.4585361481
4612.5 900491.073173523
4613.75 845789.8540849686
4615.0 902957.6316494942
4616.25 873347.7256555557
4617.5 845244.0268554688
4618.75 784116.3718128204
4620.0 842343.8714237213
4621.25 895894.8423185349
4622.5 908083.8630466461
4623.75 791944.1501421928
4625.0 839354.4643707275
4626.25 827327.3416433334
4627.5 802242.291053772
4628.75 867510.3993721008
4630.0 879816.609746933
4631.25 875094.1498918533
4632.5 875082.7187042236
4633.75 870940.8130450249
4635.0 854875.984865427
4636.25 835516.8432683945
4637.5 835034.7406826019
4638.75 926922.1338480115
4640.0 934885.3316879272
4641.25 960731.3985431194
4642.5 961945.182759285
4643.75 896233.5695314407
4645.0 869801.3538489342
4646.25 838818.0860242844
4647.5 849330.3322775364
4648.75 981382.9545625448
4650.0 1063271.1383285522
4651.25 911093.6227226257
4652.5 911204.988104105
4653.75 832572.477571249
4655.0 822949.8921890259
4656.25 1025670.2393940687
4657.5 1393367.5471038818
4658.75 1513258.3888927698
4660.0 1169109.2139816284
4661.25 955215.5734729767
4662.5 907536.332007058
4663.75 875907.6345341206
4665.0 854283.4370918274
4666.25 867294.3035793304
4667.5 914974.8012390137
4668.75 901167.4476985931
4670.0 830608.1432390213
4671.25 808192.2841377258
4672.5 776082.0477256775
4673.75 827276.2709759474
4675.0 871288.061811924
4676.25 909031.0297431946
4677.5 845415.286365509
4678.75 850767.2127480507
4680.0 868513.7553787231
4681.25 820161.8295516968
4682.5 885045.4556465149
4683.75 839920.135925293
4685.0 877512.9107382298
4686.25 784685.417429924
4687.5 830483.4045057297
4688.75 846575.4326086044
4690.0 870246.0599269867
4691.25 864300.0979785919
4692.5 905477.4987697601
4693.75 862954.034989357
4695.0 833699.2692227364
4696.25 821776.439863205
4697.5 906126.1322870255
4698.75 911082.605079174
4700.0 912257.4955887794
4701.25 1018854.3674354553
4702.5 1000108.0316982269
4703.75 849224.5431905985
4705.0 848012.3739967346
4706.25 841789.8683629036
4707.5 878589.6438140869
4708.75 871391.5019035339
4710.0 875603.1917171478
4711.25 1028048.3488559723
4712.5 1375918.8029174805
4713.75 1434574.5978622437
4715.0 1110102.1140098572
4716.25 857851.5068465471
4717.5 827420.0429077148
4718.75 831730.0115361214
4720.0 835518.1901965141
4721.25 875402.1434440613
4722.5 880362.0688076019
4723.75 870636.6669769287
4725.0 850015.2744178772
4726.25 852812.9359607697
4727.5 872762.779510498
4728.75 827561.6261768341
4730.0 842165.1937541962
4731.25 839157.4723141193
4732.5 894002.6856307983
4733.75 944813.444278717
4735.0 897255.577041626
4736.25 876732.9107894897
4737.5 794575.3651125431
4738.75 835904.2501296997
4740.0 857940.1002464294
4741.25 868318.3710289001
4742.5 827920.7702865601
4743.75 878019.045331955
4745.0 839647.0444517136
4746.25 848401.467066288
4747.5 815924.9444322586
4748.75 803713.638092041
4750.0 872820.6149754524
4751.25 817099.0785655975
4752.5 875914.1766633987
4753.75 954982.567688942
4755.0 1003658.3693580627
4756.25 895829.2222242355
4757.5 829403.9212608337
4758.75 790516.030910492
4760.0 762859.4902658463
4761.25 807253.6151885986
4762.5 768286.8030757904
4763.75 815734.2381210327
4765.0 766514.5697288513
4766.25 777287.2929179668
4767.5 811174.3531074524
4768.75 855725.3030548096
4770.0 910579.2418556213
4771.25 841628.893907547
4772.5 822657.6497421265
4773.75 822646.4784934521
4775.0 794305.0474624634
4776.25 825909.1743164062
4777.5 826400.4731788635
4778.75 828521.3514356613
4780.0 834680.8641414642
4781.25 835644.0572471619
4782.5 834656.6048202515
4783.75 782128.2525157928
4785.0 787422.3921756744
4786.25 830614.929265976
4787.5 811170.6134757996
4788.75 828702.515417099
4790.0 808906.2699203491
4791.25 834810.3791427612
4792.5 786302.878578186
4793.75 791129.5392570496
4795.0 777997.0854415894
4796.25 787672.3155899048
4797.5 806776.2905230522
4798.75 802898.8432998657
4800.0 798726.1736106873
4801.25 810103.0695915222
4802.5 860320.4109344482
4803.75 844157.3123207092
4805.0 812086.1946783066
4806.25 802760.7406463623
4807.5 793799.0745544434
4808.75 762157.6215558052
4810.0 795324.5101089478
4811.25 819581.3105301857
4812.5 827767.4920754433
4813.75 916086.3595409393
4815.0 895240.7313079834
4816.25 857059.9273529053
4817.5 875463.0295257568
4818.75 813624.66796875
4820.0 808308.524520874
4821.25 816178.5842143893
4822.5 797108.9062995911
4823.75 820459.9968252182
4825.0 785314.3154220581
4826.25 811177.1055011749
4827.5 856942.6643371582
4828.75 825522.0421524048
4830.0 788245.3628997803
4831.25 813260.2051830292
4832.5 819439.2150478363
4833.75 831893.9825172424
4835.0 799681.3772554398
4836.25 808897.8305354118
4837.5 825636.0607910156
4838.75 857336.4731292725
4840.0 821703.990737915
4841.25 803694.5175819397
4842.5 807134.3135054111
4843.75 821922.8836517334
4845.0 853046.9748325348
4846.25 817460.7675077915
4847.5 837202.4344482422
4848.75 846245.5955543518
4850.0 819243.2527503967
4851.25 822556.835018158
4852.5 802370.4356403351
4853.75 872758.1753540039
4855.0 870885.197555542
4856.25 980757.8992109299
4857.5 1482327.6852645874
4858.75 8714447.93359375
4860.0 55936104.0234375
4861.25 114435645.40625
4862.5 82220816.984375
4863.75 18280279.150390625
4865.0 2173066.233520508
4866.25 1064962.843925476
4867.5 961467.1852893829
4868.75 905866.3760032654
4870.0 848292.6881599426
4871.25 813162.712480545
4872.5 863122.5900650024
4873.75 837828.1190567017
4875.0 833959.257226944
4876.25 784483.0453414917
4877.5 829098.0525131226
4878.75 833289.948923111
4880.0 1021038.1252732277
4881.25 1059614.2312774658
4882.5 956052.2922096252
4883.75 815061.6772880554
4885.0 804833.9565010071
4886.25 756789.9864807129
4887.5 775335.4403533936
4888.75 804948.190284729
4890.0 801826.4440307617
4891.25 777161.0611686707
4892.5 761733.4880752563
4893.75 773993.7452278137
4895.0 803596.4924163818
4896.25 790526.5339622498
4897.5 831382.3116226196
4898.75 771727.583114624
4900.0 762710.225769043
4901.25 746838.0792675018
4902.5 805456.072010994
4903.75 816468.7985076904
4905.0 830651.3575973511
4906.25 789840.8039493561
4907.5 778307.7128067017
4908.75 794608.6826229095
4910.0 782204.936422348
4911.25 726939.5985059738
4912.5 769438.4107837677
4913.75 762122.7524833679
4915.0 817314.1333274841
4916.25 756168.333070755
4917.5 807886.6210594177
4918.75 778980.3312294483
4920.0 1056789.9830474854
4921.25 1926616.134399414
4922.5 2058065.6071777344
4923.75 1286165.4179992676
4925.0 847410.2508869171
4926.25 799860.5319232941
4927.5 800550.4485759735
4928.75 799979.9528615475
4930.0 835449.7440261841
4931.25 832603.296749115
4932.5 842777.6240310669
4933.75 759806.7522649765
4935.0 742822.9466094971
4936.25 745991.1593284607
4937.5 765354.032535553
4938.75 763753.682975769
4940.0 780775.3622512817
4941.25 790557.0196342468
4942.5 799157.2375663519
4943.75 827723.579208374
4945.0 784090.2435398102
4946.25 795379.6990661621
4947.5 808666.6483078003
4948.75 817936.9621999562
4950.0 859926.9320678711
4951.25 840998.4631118774
4952.5 864754.321220398
4953.75 969761.4157573581
4955.0 1377847.4987182617
4956.25 6891509.759277344
4957.5 45852425.40625
4958.75 103523738.5625
4960.0 82078708.140625
4961.25 20485475.083984375
4962.5 2384132.0236816406
4963.75 1091044.7641048431
4965.0 945406.3165588379
4966.25 844268.3302383423
4967.5 822732.4235839844
4968.75 816204.8450126648
4970.0 868845.955704689
4971.25 824543.2196395397
4972.5 797991.0746974945
4973.75 804048.5245811939
4975.0 808662.6519699097
4976.25 770016.6964321136
4977.5 728251.6910648346
4978.75 753364.3743743896
4980.0 758347.5790872574
4981.25 763043.3129272461
4982.5 787605.7371520996
4983.75 758736.960805893
4985.0 777927.2312774658
4986.25 848174.4751091003
4987.5 877619.0684280396
4988.75 827753.7503261566
4990.0 783654.2280397415
4991.25 758052.2042694092
4992.5 802462.1198883057
4993.75 829796.3385925293
4995.0 888213.628285408
4996.25 881926.4418153763
4997.5 924347.0244178772
4998.75 921077.7376060486
5000.0 1048962.2806015015
5001.25 1200269.478149414
5002.5 1788160.953125
5003.75 8338838.568847656
5005.0 81457494.8984375
5006.25 270820677.625
5007.5 297711489.4375
5008.75 110400331.140625
5010.0 12171378.66796875
5011.25 2083673.3048095703
5012.5 1373705.0155334473
5013.75 1602031.2236328125
5015.0 3029701.2255859375
5016.25 3386178.716796875
5017.5 1904642.8482666016
5018.75 974005.0159454346
5020.0 819766.8459701538
5021.25 813105.3941688538
5022.5 767984.6923217773
5023.75 755234.0630931854
5025.0 770469.5360069275
5026.25 758271.4568252563
5027.5 732232.0495979786
5028.75 757581.3961658478
5030.0 769469.9987831116
5031.25 790223.073059082
5032.5 803983.8813170195
5033.75 755201.1090612411
5035.0 784435.6917905807
5036.25 767329.6873130798
5037.5 768682.543460846
5038.75 710547.14661026
5040.0 770547.3832581043
5041.25 861812.4142723083
5042.5 822193.3145217896
5043.75 761807.4069137573
5045.0 760847.7469177246
5046.25 791465.2083587646
5047.5 934044.24168396
5048.75 912073.8848495483
5050.0 755407.0844516754
5051.25 724980.6671380997
5052.5 732325.8611226082
5053.75 728394.7315616608
5055.0 860149.073135376
5056.25 931012.9447021484
5057.5 823426.4240722656
5058.75 770048.1914215088
5060.0 734593.5728817135
5061.25 753100.7314004898
5062.5 744838.3497538567
5063.75 729625.5076370239
5065.0 722446.9547729492
5066.25 723077.3559074402
5067.5 682879.9748096466
5068.75 719826.8015098572
5070.0 734120.5417461395
5071.25 711788.9144458771
5072.5 710731.2556762695
5073.75 712553.6259613037
5075.0 730649.1095228195
5076.25 689150.3172492981
5077.5 710374.0835876465
5078.75 721546.4663696289
5080.0 659717.4532380104
5081.25 715282.198217392
5082.5 678661.285697937
5083.75 715558.9636321068
5085.0 726796.7550544739
5086.25 744365.3994445801
5087.5 736226.4455566406
5088.75 743859.3391666412
5090.0 725960.9967346191
5091.25 730060.838098526
5092.5 705312.137752533
5093.75 743911.234161377
5095.0 701358.1815719604
5096.25 674011.1935348511
5097.5 663292.4696598053
5098.75 723196.3111419678
5100.0 721293.2800774574
5101.25 704006.5330276489
5102.5 719415.030166626
5103.75 681297.6285076141
5105.0 720263.2585000992
5106.25 703787.9666519165
5107.5 692029.4899215698
5108.75 715471.3487911224
5110.0 680316.3020057678
5111.25 739300.5561828613
5112.5 736406.944858551
5113.75 704441.5836639404
5115.0 709287.9110412598
5116.25 699090.8799095154
5117.5 688400.2136955261
5118.75 723620.7527618408
5120.0 721491.911977768
5121.25 737632.7824707031
5122.5 723155.1394577026
5123.75 745455.123588562
5125.0 688007.0928077698
5126.25 705767.3200798035
5127.5 693437.262556076
5128.75 704986.6664981842
5130.0 691426.3233833313
5131.25 712091.3633422852
5132.5 726221.4289131165
5133.75 713714.0517311096
5135.0 680993.4065566063
5136.25 706652.8885002136
5137.5 669019.0296554565
5138.75 697914.5277805328
5140.0 692623.5400657654
5141.25 705434.9238815308
5142.5 662566.4465942383
5143.75 713161.4290018082
5145.0 734485.4361896515
5146.25 718871.6096973419
5147.5 753676.4104766846
5148.75 714510.1823616028
5150.0 685442.6989517212
5151.25 686558.8770828247
5152.5 710080.0023193359
5153.75 697036.6049728394
5155.0 690712.3129024506
5156.25 710641.2470355034
5157.5 727987.2310380936
5158.75 782026.3816833496
5160.0 809149.388458252
5161.25 734201.4771242142
5162.5 702325.9276885986
5163.75 704417.6111183167
5165.0 682007.0727949142
5166.25 647098.8656845093
5167.5 649989.3701324463
5168.75 676905.5952472687
5170.0 698055.9352593422
5171.25 667050.7118989825
5172.5 636466.9986763
5173.75 706242.6184844971
5175.0 692230.8803100586
5176.25 687935.4100875854
5177.5 703372.5115585327
5178.75 655003.673904419
5180.0 677873.1630392075
5181.25 654988.3652954102
5182.5 635922.6060929298
5183.75 651097.3981437683
5185.0 677840.6536960602
5186.25 666025.808013916
5187.5 669662.6483078003
5188.75 679165.9904785156
5190.0 675357.6559791565
5191.25 727035.9049530029
5192.5 744606.050535202
5193.75 667548.141960144
5195.0 673809.4772195816
5196.25 735240.7228336334
5197.5 901051.1062545776
5198.75 976630.7459411621
5200.0 914666.4950714111
5201.25 844203.5857543945
5202.5 770543.562713623
5203.75 655140.5157661438
5205.0 667454.0573767424
5206.25 642571.8855705261
5207.5 653776.0991714001
5208.75 664269.0521087646
5210.0 667210.4641895294
5211.25 651555.3941699862
5212.5 653408.2586092949
5213.75 666301.6957397461
5215.0 696347.8115081787
5216.25 658527.5453338623
5217.5 636810.6505699158
5218.75 676892.4701383114
5220.0 685224.9311542511
5221.25 669419.6214828491
5222.5 666162.5453853607
5223.75 646770.6045722961
5225.0 648147.4240989685
5226.25 675124.8285217285
5227.5 689504.0506439209
5228.75 673578.5789051056
5230.0 677259.925743103
5231.25 646970.3642311096
5232.5 631891.0457496643
5233.75 640986.7332811356
5235.0 652708.8612208366
5236.25 658080.9383621216
5237.5 657552.6588764191
5238.75 673800.3652687073
5240.0 654915.2264709473
5241.25 658879.5519104004
5242.5 680446.7669868469
5243.75 669979.530354023
5245.0 636618.9079284668
5246.25 655929.6679821014
5247.5 641781.5783596039
5248.75 637510.1463127136
5250.0 659505.5212249756
5251.25 675564.3529453278
5252.5 676852.3503546715
5253.75 635988.9985303879
5255.0 654737.2915668488
5256.25 692673.6822680235
5257.5 646000.9603271484
5258.75 663720.8615951538
5260.0 661490.4764890671
5261.25 682574.3554458618
5262.5 688074.6775283813
5263.75 689848.1691474915
5265.0 657029.8588798046
5266.25 643155.9224128723
5267.5 660184.6975221634
5268.75 733000.8761749268
5270.0 944627.0602111816
5271.25 966348.4852371216
5272.5 796150.5660362244
5273.75 688739.2110900879
5275.0 665129.8930740356
5276.25 655525.4644317627
5277.5 623854.5860366821
5278.75 650709.2630493641
5280.0 641790.1027755737
5281.25 631950.2335681915
5282.5 622026.0718994141
5283.75 661304.4596328735
5285.0 637221.8121795654
5286.25 632953.0335769653
5287.5 621379.2566099167
5288.75 632074.402089119
5290.0 631180.9360656738
5291.25 640035.6222476959
5292.5 625538.9731378555
5293.75 642596.051243782
5295.0 676132.4788742065
5296.25 652840.7928390503
5297.5 634422.6856031418
5298.75 690600.0444793701
5300.0 653498.8260612488
5301.25 623737.8685493469
5302.5 648832.9023628235
5303.75 631554.5325336456
5305.0 632422.7548446655
5306.25 644668.6164913177
5307.5 636283.3441123962
5308.75 633949.2378015518
5310.0 658556.4481887817
5311.25 650800.2358894348
5312.5 622056.3348312378
5313.75 635227.8112678528
5315.0 607478.7835540771
5316.25 663335.7422027588
5317.5 648634.2005500793
5318.75 630717.4677722454
5320.0 647072.3329963684
5321.25 680045.6438922882
5322.5 649110.9101104736
5323.75 606714.5455632508
5325.0 670179.7127132416
5326.25 598552.6077575684
5327.5 621400.8092479706
5328.75 634666.4442481995
5330.0 634135.0933637619
5331.25 636790.5400314331
5332.5 654942.141494751
5333.75 640519.260597229
5335.0 651378.6778450012
5336.25 649226.0047483444
5337.5 610889.2099528313
5338.75 624067.5303723812
5340.0 627705.6234664917
5341.25 640079.7632203102
5342.5 628973.2961959839
5343.75 631222.7367935181
5345.0 639304.577878952
5346.25 623179.0603455305
5347.5 621687.8682823181
5348.75 599743.719543457
5350.0 615487.5343132019
5351.25 624182.4175510406
5352.5 640500.6480140686
5353.75 645385.0536112785
5355.0 658797.7552394867
5356.25 609521.0152244568
5357.5 628055.0271186829
5358.75 613641.4591674805
5360.0 607422.8314380646
5361.25 636302.2721405029
5362.5 612248.6444778442
5363.75 598057.1282043457
5365.0 600824.6448087692
5366.25 615842.3142967224
5367.5 602091.9805812836
5368.75 619907.3566160202
5370.0 575574.409655571
5371.25 591681.1660891324
5372.5 611040.4211845398
5373.75 616343.775496006
5375.0 613680.6775436401
5376.25 603056.3759613037
5377.5 609490.5262565613
5378.75 601893.9318311214
5380.0 633011.8150787354
5381.25 626250.6467852592
5382.5 607623.8605647087
5383.75 605994.7305641174
5385.0 604789.9551849365
5386.25 593075.9108347893
5387.5 628139.7723636627
5388.75 627730.3277873993
5390.0 607257.4174118042
5391.25 609848.9539413452
5392.5 607140.9980716705
5393.75 615522.367527008
5395.0 604644.9223400354
5396.25 600528.7120113373
5397.5 617025.229391098
5398.75 613628.572208643
5400.0 595261.3556671143
5401.25 615892.9163208008
5402.5 611126.4124507904
5403.75 611690.5636329651
5405.0 599517.320596695
5406.25 616835.6702213287
5407.5 627572.2541847229
5408.75 605021.7466020584
5410.0 577351.0600318909
5411.25 601164.5295095444
5412.5 651290.1881084442
5413.75 600582.2647781372
5415.0 589710.9853248596
5416.25 613278.9039783478
5417.5 586541.2897357941
5418.75 613878.6161313802
5420.0 599617.2191505432
5421.25 629851.6264305115
5422.5 611882.1967773438
5423.75 614943.843413353
5425.0 617636.2540225983
5426.25 573630.275771141
5427.5 603542.1654111147
5428.75 581513.8179428577
5430.0 573622.2064208984
5431.25 568900.7779598236
5432.5 602633.0435438156
5433.75 642479.0735626221
5435.0 617107.535867691
5436.25 602808.4079055786
5437.5 622468.5316781998
5438.75 574220.4610881805
5440.0 599846.2378878593
5441.25 589202.0616989136
5442.5 603078.7160301208
5443.75 599773.3858451843
5445.0 585674.8583641052
5446.25 600597.0480575562
5447.5 559728.4689435959
5448.75 588430.7822022438
5450.0 612532.3758068085
5451.25 593816.3638544083
5452.5 585805.8642959595
5453.75 593901.22214365
5455.0 586605.3393096924
5456.25 566167.099521637
5457.5 607274.6498441696
5458.75 602564.4081687927
5460.0 601493.282655716
5461.25 619803.7615890503
5462.5 601596.0896091461
5463.75 615008.9210472107
5465.0 613396.2897415161
5466.25 602402.3302602768
5467.5 627387.7533034086
5468.75 598716.958735466
5470.0 605090.3663787842
5471.25 590719.236164093
5472.5 602086.5330023766
5473.75 602963.8867454529
5475.0 603653.4353866577
5476.25 582908.6785678864
5477.5 609657.8804092407
5478.75 615820.0572967529
5480.0 592784.9074354172
5481.25 591966.82748954
5482.5 604320.264819622
5483.75 603742.2903022766
5485.0 602470.7942447662
5486.25 584642.9871673584
5487.5 582671.9356307983
5488.75 583968.3552761078
5490.0 581058.0956192017
5491.25 608278.6388549805
5492.5 606101.9119548798
5493.75 602671.065486908
5495.0 597526.9930347204
5496.25 583335.9769816399
5497.5 571074.2869911194
5498.75 583364.9544887543
5500.0 583790.0923759937
5501.25 559680.1780052185
5502.5 596580.5244674683
5503.75 532700.4888629913
5505.0 589734.7504196167
5506.25 602174.3908977509
5507.5 602456.4974021912
5508.75 587879.4516448975
5510.0 578990.3981781006
5511.25 593212.7124252319
5512.5 613713.656440258
5513.75 582075.3797016144
5515.0 620708.3690376282
5516.25 750056.4089546204
5517.5 1146296.5663452148
5518.75 1031220.1453399658
5520.0 718028.0925941467
5521.25 584065.8868246078
5522.5 588131.5676574707
5523.75 605589.2404460907
5525.0 586138.7488059998
5526.25 598428.7311954498
5527.5 583323.9852714539
5528.75 571954.8706283569
5530.0 594768.8024930954
5531.25 593868.5711593628
5532.5 593337.540102005
5533.75 579568.1666259766
5535.0 603992.5524673462
5536.25 726783.2999954224
5537.5 1109043.612487793
5538.75 1081777.653137207
5540.0 733316.3395068347
5541.25 586593.7886238098
5542.5 599999.5145149231
5543.75 584287.5858854055
5545.0 571178.4368896484
5546.25 568566.7342071533
5547.5 590225.2728414536
5548.75 584677.1695213318
5550.0 630227.2499504089
5551.25 593104.3608195782
5552.5 575150.411365509
5553.75 578271.158426553
5555.0 582818.5511627197
5556.25 597238.7754768133
5557.5 568674.0035085678
5558.75 584541.9640464783
5560.0 557118.977645874
5561.25 557982.3394908905
5562.5 594196.1233940125
5563.75 565645.4592094421
5565.0 594408.6395263672
5566.25 573766.0808181763
5567.5 584866.4276885986
5568.75 576379.3159255981
5570.0 587995.4737758636
5571.25 575476.0354290009
5572.5 531331.3171157837
5573.75 582159.0205802917
5575.0 806958.5560073853
5576.25 1375423.1907958984
5577.5 1385803.5275268555
5578.75 827478.4441223145
5580.0 557544.156665802
5581.25 585365.9434928894
5582.5 575909.2887859344
5583.75 577785.8933486938
5585.0 568685.2520222664
5586.25 542610.6089246273
5587.5 581751.8519592285
5588.75 555022.8306503296
5590.0 545416.2206964493
5591.25 547455.6617889404
5592.5 567608.755194664
5593.75 560924.0314407349
5595.0 583552.3157367706
5596.25 584944.1034832001
5597.5 554445.1810913086
5598.75 539324.6776180267
5600.0 541584.3457450867
5601.25 546256.0576095581
5602.5 559336.576259613
5603.75 555196.8924026489
5605.0 585671.6991686821
5606.25 578100.1176242828
5607.5 573713.3377952576
5608.75 552011.4852714539
5610.0 562134.4318552017
5611.25 570709.7092504501
5612.5 561127.4166748524
5613.75 564875.7859535217
5615.0 560654.5645694733
5616.25 575491.1449127197
5617.5 573493.8255796432
5618.75 582946.4589939117
5620.0 551965.4102840424
5621.25 558899.1886293888
5622.5 587597.9511032104
5623.75 540156.0466518402
5625.0 566972.3333644867
5626.25 555661.7686748505
5627.5 575628.0656909943
5628.75 565282.4675651789
5630.0 559538.4148913026
5631.25 556467.8746562004
5632.5 542103.168510437
5633.75 577810.8665103912
5635.0 566027.2483177185
5636.25 542461.6605968475
5637.5 559817.8248186111
5638.75 575241.9208536148
5640.0 553914.452545166
5641.25 567098.2721309662
5642.5 559034.6894798279
5643.75 544685.5631694794
5645.0 556219.76212883
5646.25 548309.2889413834
5647.5 537329.12436831
5648.75 578731.5856494904
5650.0 558095.2601165771
5651.25 549806.7481956482
5652.5 548070.1149749756
5653.75 575922.8458328247
5655.0 556898.0826416016
5656.25 561420.9762916565
5657.5 541725.7809141874
5658.75 535292.7327760458
5660.0 543339.2980480194
5661.25 550085.1379137039
5662.5 553051.2075380087
5663.75 542073.3750076294
5665.0 554047.9712848663
5666.25 588847.3179359436
5667.5 599635.0343666077
5668.75 574331.3978624344
5670.0 565207.1264343262
5671.25 533528.1981887817
5672.5 515509.8106211424
5673.75 556609.8382740021
5675.0 537832.3330001831
5676.25 570721.8862075806
5677.5 577775.7117576599
5678.75 582216.853925705
5680.0 596844.7333755493
5681.25 574893.4010620117
5682.5 558495.8274288177
5683.75 578532.2365722656
5685.0 567973.3929901123
5686.25 558016.7633447647
5687.5 587474.7651443481
5688.75 532757.4249343872
5690.0 554869.9462223053
5691.25 559451.3366231918
5692.5 543966.4901714325
5693.75 557935.6231384277
5695.0 567000.2917404175
5696.25 556708.4377498627
5697.5 536486.3007202148
5698.75 547880.0236415863
5700.0 524954.0337685347
5701.25 530470.6734371185
5702.5 551213.0665359497
5703.75 558478.3917298317
5705.0 547615.2868900299
5706.25 535771.3796653748
5707.5 556284.9282093048
5708.75 552644.393945694
5710.0 550781.6749396324
5711.25 556443.172752142
5712.5 544672.6798801422
5713.75 554055.0234909058
5715.0 512092.4264678955
5716.25 521118.5705499649
5717.5 573722.4174656868
5718.75 556381.4420013428
5720.0 534854.1359024048
5721.25 545663.7411804199
5722.5 549895.5896205902
5723.75 537566.7436523438
5725.0 547455.8308868408
5726.25 551749.1928157806
5727.5 565191.8196525574
5728.75 567706.8029732704
5730.0 520901.53953170776
5731.25 552547.6171417236
5732.5 546523.8833494186
5733.75 550724.9279375076
5735.0 529304.876408577
5736.25 518879.6940689087
5737.5 533683.8696954846
5738.75 551822.4453384876
5740.0 571034.1952724457
5741.25 539365.3392906189
5742.5 534956.7631111145
5743.75 536661.2690501213
5745.0 516469.1125974655
5746.25 543448.7570930123
5747.5 556411.5275974274
5748.75 539102.2205467224
5750.0 550104.220341444
5751.25 556682.7884216309
5752.5 605709.1856880188
5753.75 1049592.5835876465
5755.0 1385556.241027832
5756.25 997031.7550354004
5757.5 605812.4959659576
5758.75 556744.9748840332
5760.0 520193.6578807831
5761.25 521282.0807495117
5762.5 513211.6654319763
5763.75 529322.3064193726
5765.0 515010.0690898895
5766.25 542035.9317188263
5767.5 526842.4251656532
5768.75 523308.4742269516
5770.0 541614.2341971397
5771.25 512359.05745100975
5772.5 517607.74817943573
5773.75 524343.056842804
5775.0 513507.4689269066
5776.25 539756.2294464111
5777.5 557227.1790409088
5778.75 538924.1314578056
5780.0 488317.9522123337
5781.25 528074.5834341049
5782.5 528732.0008597374
5783.75 522783.22888946533
5785.0 514749.0080623627
5786.25 536004.3206954002
5787.5 541621.834564209
5788.75 531685.6098184586
5790.0 536060.9276428223
5791.25 534903.0871343613
5792.5 531241.242937088
5793.75 525383.742647171
5795.0 513587.7122094631
5796.25 522624.8684120178
5797.5 522736.8674354553
5798.75 524307.2302012444
5800.0 548769.191953659
5801.25 521103.1997163296
5802.5 535053.4074077606
5803.75 502124.91667175293
5805.0 511741.2309808731
5806.25 509085.68267804384
5807.5 537250.750533104
5808.75 547348.3730678558
5810.0 538550.1972541809
5811.25 534495.5865859985
5812.5 517985.36748838425
5813.75 526416.946794033
5815.0 538244.1361122131
5816.25 525601.0828819275
5817.5 529985.9139022827
5818.75 546367.5436134338
5820.0 522047.8574523926
5821.25 539790.6432685852
5822.5 504741.25508117676
5823.75 531190.9851875305
5825.0 503055.5339162946
5826.25 544265.3273792267
5827.5 528412.2340373993
5828.75 532191.5347938538
5830.0 526924.0249824524
5831.25 523599.4624671936
5832.5 525263.1794128418
5833.75 522619.4762916565
5835.0 527488.5495386124
5836.25 516873.1263284683
5837.5 532515.188583374
5838.75 504553.48442077637
5840.0 526519.9963140488
5841.25 504095.9772205353
5842.5 532444.9910163879
5843.75 517127.262424469
5845.0 540543.3602962494
5846.25 516679.30212783813
5847.5 530108.1702022552
5848.75 546606.2741250992
5850.0 513413.55049324036
5851.25 524929.425327301
5852.5 507715.67861557007
5853.75 527945.3309020996
5855.0 520900.2323112488
5856.25 529178.1320171356
5857.5 505025.6224293709
5858.75 547244.4307060242
5860.0 518371.9878101349
5861.25 507120.1362705231
5862.5 521638.6858291626
5863.75 497606.04123687744
5865.0 541140.4860610962
5866.25 547889.1117191315
5867.5 521063.9456920624
5868.75 528268.3340072632
5870.0 551900.8803062439
5871.25 555325.1858692169
5872.5 669482.8502168655
5873.75 3189379.6655273438
5875.0 13918494.322265625
5876.25 17436514.3046875
5877.5 6954949.326171875
5878.75 1143037.9389343262
5880.0 608264.5427856445
5881.25 550464.0349731445
5882.5 537773.062828064
5883.75 534116.0421295166
5885.0 530168.4300260544
5886.25 545587.174659133
5887.5 532386.0468072891
5888.75 559868.5184173584
5890.0 581746.4296569824
5891.25 570598.0614585318
5892.5 521290.5952563286
5893.75 537994.225517273
5895.0 547072.9551639557
5896.25 557695.0616149902
5897.5 536576.5859773159
5898.75 498323.2086763382
5900.0 519948.0584793091
5901.25 531659.2671318054
5902.5 522053.4806804657
5903.75 531289.4568071365
5905.0 532096.731716156
5906.25 521925.2806491852
5907.5 533972.3313217163
5908.75 504736.5009613037
5910.0 520721.8925819397
5911.25 520448.2887916565
5912.5 498760.43720054626
5913.75 528562.3246459961
5915.0 533119.9091482162
5916.25 512397.85221862793
5917.5 516649.66271972656
5918.75 515633.8570034392
5920.0 506282.82880306244
5921.25 496043.0436618328
5922.5 521739.11420059204
5923.75 525071.5746831894
5925.0 513225.02707242966
5926.25 518135.59917640686
5927.5 516788.04752349854
5928.75 523955.5200843811
5930.0 510910.73941230774
5931.25 525238.9596571922
5932.5 515248.77069854736
5933.75 548010.2001934052
5935.0 501237.55418252945
5936.25 486074.59864997864
5937.5 496562.3954849243
5938.75 478544.7764053345
5940.0 496523.6674346924
5941.25 525763.0465393066
5942.5 503207.9573144913
5943.75 499585.1324310303
5945.0 500754.7115755081
5946.25 508389.51191711426
5947.5 508882.8470144272
5948.75 506610.35956954956
5950.0 506944.6990404129
5951.25 514349.8602256775
5952.5 497027.2352771759
5953.75 517004.61653900146
5955.0 502828.71101760864
5956.25 548808.6600265503
5957.5 591818.0594339371
5958.75 608127.1556243896
5960.0 556765.0018692017
5961.25 523403.43311309814
5962.5 508461.9984474182
5963.75 505225.26896095276
5965.0 514308.99171590805
5966.25 472756.7630329132
5967.5 498492.8412761688
5968.75 507044.1918029785
5970.0 515697.2720451355
5971.25 501103.83344459534
5972.5 508377.00190734863
5973.75 506945.54118323326
5975.0 526612.6433229446
5976.25 512662.508392334
5977.5 552891.4405593872
5978.75 628476.2634658813
5980.0 600057.5650405884
5981.25 555248.6869506836
5982.5 530662.799659729
5983.75 506565.033121109
5985.0 484783.80453014374
5986.25 502173.7959308624
5987.5 489899.6663093567
5988.75 487805.35746765137
5990.0 485026.5765285492
5991.25 516387.04748916626
5992.5 507512.2263832092
5993.75 519635.02239990234
5995.0 492789.46429634094
5996.25 508111.7390346527
5997.5 519255.4364013672
5998.75 507684.56018447876
6000.0 501907.21329784393
6001.25 517140.0104408264
6002.5 500656.85542297363
6003.75 502642.1576805115
6005.0 524052.273601532
6006.25 489889.0083427429
6007.5 500067.65807914734
6008.75 485848.7861175537
6010.0 501226.347512722
6011.25 508625.6207239628
6012.5 519024.0900154114
6013.75 485726.4089899063
6015.0 508958.35756111145
6016.25 493401.63752651215
6017.5 512029.6662311554
6018.75 513630.1050453186
6020.0 500727.2022995949
6021.25 513145.50090026855
6022.5 500950.4046134949
6023.75 505975.4262638092
6025.0 496406.79177856445
6026.25 493158.8934497833
6027.5 496122.8813819885
6028.75 502704.71382808685
6030.0 520378.57431030273
6031.25 507309.3717060089
6032.5 507241.98123550415
6033.75 501321.2349433899
6035.0 492566.34383392334
6036.25 500171.75437545776
6037.5 501773.6187210083
6038.75 510407.2180581093
6040.0 490434.29161965847
6041.25 525351.6983528137
6042.5 509666.8459920883
6043.75 492331.3685321808
6045.0 537652.2560157776
6046.25 581552.4841575623
6047.5 600747.3893661499
6048.75 508045.6450538635
6050.0 491773.35782146454
6051.25 492770.1083602905
6052.5 491267.4125595093
6053.75 479088.0577220917
6055.0 499371.33435440063
6056.25 494472.6632423401
6057.5 478619.5362701416
6058.75 496822.36337280273
6060.0 488237.06538391113
6061.25 509519.26611709595
6062.5 498737.69077682495
6063.75 501055.9967689514
6065.0 502743.96856689453
6066.25 545065.6936340332
6067.5 495070.90559387207
6068.75 490909.0502322912
6070.0 525421.0790252686
6071.25 502786.11811828613
6072.5 503061.81505584717
6073.75 507182.80569934845
6075.0 498660.5151062012
6076.25 520203.28982543945
6077.5 514544.0807980299
6078.75 492830.4563614726
6080.0 494186.7846069336
6081.25 530375.9126262665
6082.5 514312.15142822266
6083.75 494633.44191360474
6085.0 503937.2770423889
6086.25 507509.05205726624
6087.5 496826.8889565468
6088.75 523098.9563598633
6090.0 509138.7938632965
6091.25 492309.81394195557
6092.5 499489.3171982765
6093.75 485341.1106777191
6095.0 507752.07385635376
6096.25 499572.4623146057
6097.5 497851.4287919998
6098.75 488539.32974243164
6100.0 501301.43242263794
6101.25 484900.9312610626
6102.5 495614.69394254684
6103.75 480194.34258556366
6105.0 492246.29616707563
6106.25 515289.3107776642
6107.5 476012.5166372061
6108.75 493542.0274963379
6110.0 498593.0863857269
6111.25 485623.23024749756
6112.5 485491.4507522583
6113.75 471981.3945236206
6115.0 480111.6086425781
6116.25 483728.5567703247
6117.5 494973.92973041534
6118.75 501987.48710632324
6120.0 491765.5959224701
6121.25 461183.8315734863
6122.5 477325.3367137909
6123.75 503083.19178009033
6125.0 503973.03228378296
6126.25 490992.8895454407
6127.5 484380.0381576419
6128.75 486406.2942199707
6130.0 492493.3618001938
6131.25 490151.0499267578
6132.5 485980.4687652588
6133.75 492864.3769569397
6135.0 488157.95220184326
6136.25 481543.58821105957
6137.5 480413.37221705914
6138.75 499688.48205184937
6140.0 518524.5011577606
6141.25 504696.46185302734
6142.5 487927.87062072754
6143.75 507326.8055243492
6145.0 505013.19787216187
6146.25 499470.8912792206
6147.5 467869.7396850586
6148.75 478780.90839385986
6150.0 520559.88803863525
6151.25 499276.53884887695
6152.5 477486.90556907654
6153.75 493076.0083656311
6155.0 479033.00146102905
6156.25 488510.565782547
6157.5 493180.6136724949
6158.75 492566.0021624565
6160.0 464079.5734939575
6161.25 475552.16073036194
6162.5 467900.9095942974
6163.75 484876.82980823517
6165.0 482845.36356163025
6166.25 507605.15122795105
6167.5 468381.23548316956
6168.75 483168.01651000977
6170.0 508177.89210891724
6171.25 458718.1957080364
6172.5 473710.96157073975
6173.75 481465.0963115692
6175.0 469173.908908844
6176.25 489783.1047139168
6177.5 499246.8900527954
6178.75 489583.71089315414
6180.0 471127.7927789688
6181.25 503076.5029268265
6182.5 465771.3271865845
6183.75 483372.7788915634
6185.0 480617.87674713135
6186.25 490174.37898254395
6187.5 481789.06198883057
6188.75 490728.41051769257
6190.0 473393.80879211426
6191.25 485394.3865544796
6192.5 458003.8582763672
6193.75 483017.5612716675
6195.0 489266.2311449051
6196.25 501825.21750068665
6197.5 467836.4736814499
6198.75 471942.50404930115
6200.0 484332.323176384
6201.25 474172.724155426
6202.5 474783.29280900955
6203.75 459522.33507347107
6205.0 468797.02156066895
6206.25 478333.5519142151
6207.5 471026.3315734863
6208.75 469891.20349502563
6210.0 486089.9774131775
6211.25 486519.4267549515
6212.5 496289.0195045471
6213.75 465243.59995651245
6215.0 478489.68512535095
6216.25 500278.88188028336
6217.5 483155.2351074219
6218.75 472941.20193099976
6220.0 482356.6049518585
6221.25 501839.2005176544
6222.5 485767.76771736145
6223.75 477816.30127334595
6225.0 473558.72254931927
6226.25 470111.55459165573
6227.5 466968.89167022705
6228.75 459468.219373703
6230.0 466240.4908351898
6231.25 469647.3737875223
6232.5 474884.78329849243
6233.75 486977.41910648346
6235.0 500216.6012945175
6236.25 495365.8393917084
6237.5 472989.08279037476
6238.75 475748.6784057617
6240.0 486558.86366438866
6241.25 481146.15173339844
6242.5 480294.33568000793
6243.75 476158.47484207153
6245.0 495692.0848169327
6246.25 487869.3098230362
6247.5 485280.12375211716
6248.75 486412.3802757263
6250.0 480633.7107257843
6251.25 483766.6350097656
6252.5 487859.21335554123
6253.75 468251.3056602478
6255.0 483241.8796310425
6256.25 506914.29270362854
6257.5 517123.7028903961
6258.75 485944.57716464996
6260.0 475391.14039325714
6261.25 477899.5092449188
6262.5 463417.2206206322
6263.75 480361.1900706291
6265.0 481680.411216259
6266.25 473849.2427597046
6267.5 461910.7200431824
6268.75 451958.6564941406
6270.0 488396.26148605347
6271.25 488638.49946689606
6272.5 476031.9070224762
6273.75 480370.8199605942
6275.0 485438.8476333618
6276.25 467478.7415494919
6277.5 444291.81497240067
6278.75 464961.8457374573
6280.0 456517.21694111824
6281.25 458793.0135688782
6282.5 472174.35119247437
6283.75 456367.0306777954
6285.0 451862.22773742676
6286.25 469953.6531276703
6287.5 478331.9549255371
6288.75 464491.84460258484
6290.0 455184.2342453003
6291.25 461149.39241181314
6292.5 476619.0437660217
6293.75 480679.3118815422
6295.0 458528.551568985
6296.25 493111.7676372528
6297.5 523439.10964250565
6298.75 922792.3464050293
6300.0 1871125.0893554688
6301.25 1742731.2706298828
6302.5 823391.4522209167
6303.75 507611.4868736267
6305.0 495372.29477500916
6306.25 471519.28995382786
6307.5 487793.1604862213
6308.75 480407.9634742737
6310.0 634604.4391937256
6311.25 1801896.1408691406
6312.5 2587017.0427246094
6313.75 1458852.446899414
6315.0 582917.3343391418
6316.25 460630.7757806778
6317.5 459391.7488479614
6318.75 448099.2278442383
6320.0 456882.6702365875
6321.25 468814.8443727493
6322.5 457351.4613208771
6323.75 454918.07250213623
6325.0 449415.4213294983
6326.25 458804.3964214325
6327.5 474366.0611629486
6328.75 505255.8804312125
6330.0 474898.2574799061
6331.25 476182.2956647873
6332.5 450183.59273147583
6333.75 467974.0436820984
6335.0 459961.7982664108
6336.25 463460.3298988342
6337.5 479104.18796539307
6338.75 460590.9651918411
6340.0 481872.4330999851
6341.25 467954.0252685547
6342.5 454600.26316452026
6343.75 462504.5732040405
6345.0 508750.31468963623
6346.25 612980.6376457214
6347.5 706111.1324157715
6348.75 593244.9089546204
6350.0 501469.30880737305
6351.25 502592.73888778687
6352.5 467574.9582672119
6353.75 472121.2763519287
6355.0 488222.5776901245
6356.25 494285.83863830566
6357.5 485284.0235643387
6358.75 470805.9553966522
6360.0 464005.69585227966
6361.25 499325.84881591797
6362.5 675829.2686157227
6363.75 973840.6463623047
6365.0 848958.1200256348
6366.25 545590.6288871765
6367.5 479483.5845336914
6368.75 476090.5144224167
6370.0 524961.8733215332
6371.25 585637.1870136261
6372.5 588469.0961456299
6373.75 477774.59958076477
6375.0 463159.89005184174
6376.25 487379.7078242302
6377.5 488452.2073059082
6378.75 472510.3052597046
6380.0 467832.2747631073
6381.25 475264.896900177
6382.5 477386.6823768616
6383.75 489702.2534484863
6385.0 497981.71400141716
6386.25 480624.7180671692
6387.5 486112.3379173279
6388.75 477579.4334716797
6390.0 455579.09911346436
6391.25 480363.30154171586
6392.5 474163.4137687683
6393.75 467955.4596195221
6395.0 473572.81536102295
6396.25 492013.2938232422
6397.5 466480.6086592674
6398.75 490272.87686538696
6400.0 492106.66204833984
6401.25 494622.6941585541
6402.5 474455.8448905945
6403.75 479320.31924057007
6405.0 471202.0979785919
6406.25 470079.4231567383
6407.5 458304.38352012634
6408.75 471270.1402320862
6410.0 481374.42901182175
6411.25 471472.676197052
6412.5 475621.9746208191
6413.75 495272.6810913086
6415.0 478535.83003234863
6416.25 482673.19495016336
6417.5 494645.5707130432
6418.75 469138.02041625977
6420.0 461010.0938491821
6421.25 464833.1607170105
6422.5 490642.7197494507
6423.75 471008.73114061356
6425.0 470380.66245269775
6426.25 469897.94706726074
6427.5 483375.7737417221
6428.75 454089.8680000305
6430.0 486278.98962783813
6431.25 471854.2994289398
6432.5 469165.09337615967
6433.75 470907.6590485573
6435.0 476775.1844024658
6436.25 445535.31743240356
6437.5 462352.33750510216
6438.75 447705.5042667389
6440.0 468265.486366272
6441.25 476108.99436473846
6442.5 481707.87247276306
6443.75 465267.603597641
6445.0 480112.932723999
6446.25 485794.0715956688
6447.5 482630.55546569824
6448.75 462252.1892025471
6450.0 468731.7030887604
6451.25 476449.25659942627
6452.5 486678.4594154358
6453.75 463907.68996429443
6455.0 470820.7442307472
6456.25 459720.27351379395
6457.5 469026.59917354584
6458.75 485906.50048065186
6460.0 472889.0323371887
6461.25 500222.55836105347
6462.5 512092.6072692871
6463.75 472507.6614189148
6465.0 479011.84522247314
6466.25 468670.48640322685
6467.5 465602.7622375488
6468.75 449303.8937988281
6470.0 504864.8974533081
6471.25 486672.46484041214
6472.5 477629.32782173157
6473.75 475811.09143686295
6475.0 462863.4053554535
6476.25 474115.8357772827
6477.5 471198.8880996704
6478.75 484956.68773269653
6480.0 482890.3023366928
6481.25 475284.2311630249
6482.5 476909.87855029106
6483.75 445559.76599884033
6485.0 472807.0144767761
6486.25 495341.7906036377
6487.5 484565.50623321533
6488.75 474520.9438009262
6490.0 481536.9433822632
6491.25 472483.1069869995
6492.5 472509.1592159271
6493.75 471272.2828063965
6495.0 478630.5058334768
6496.25 483562.8389406204
6497.5 504182.86571884155
6498.75 497739.10462760925
6500.0 498398.3067779541
6501.25 478108.7162208557
6502.5 487477.6337738037
6503.75 491140.8808631897
6505.0 496655.4483985901
6506.25 492001.62352859974
6507.5 475283.3806743622
6508.75 487556.983499527
6510.0 493400.4962730408
6511.25 496326.03953170776
6512.5 509971.55181121826
6513.75 481748.2634963989
6515.0 484994.3639678955
6516.25 489635.19935274124
6517.5 484029.57327365875
6518.75 471638.47386169434
6520.0 477465.88452911377
6521.25 500388.0494918823
6522.5 483557.0262699127
6523.75 490353.71209716797
6525.0 482833.11766815186
6526.25 503928.84952545166
6527.5 494405.3719711304
6528.75 486584.27000045776
6530.0 488024.9567756653
6531.25 497788.941696167
6532.5 526924.221862793
6533.75 541427.6621551514
6535.0 506877.6878967285
6536.25 490786.755440712
6537.5 493363.4118499756
6538.75 494461.4850959778
6540.0 499677.8331108093
6541.25 518304.5550889969
6542.5 547012.8921470642
6543.75 540954.2351646423
6545.0 649990.0577011108
6546.25 3263068.4057617188
6547.5 18533288.88671875
6548.75 24589242.2109375
6550.0 9231214.75
6551.25 1194860.2259521484
6552.5 671363.6890563965
6553.75 654019.1922149658
6555.0 682912.695892334
6556.25 762594.7801513672
6557.5 884915.8316955566
6558.75 1314598.8837890625
6560.0 6774832.071533203
6561.25 117209253.640625
6562.5 382937977.875
6563.75 350848594.25
6565.0 86707216.65625
6566.25 5789387.236816406
6567.5 1276686.7752685547
6568.75 921329.0360717773
6570.0 776566.6282348633
6571.25 704937.1398925781
6572.5 670380.5190162659
6573.75 627568.7678222656
6575.0 607247.3505630493
6576.25 690249.058429718
6577.5 867672.1260681152
6578.75 903561.5511474609
6580.0 847078.8971862793
6581.25 3976240.7564697266
6582.5 39774961.02734375
6583.75 76701028.15625
6585.0 43666981.421875
6586.25 5564939.00390625
6587.5 821904.0374145508
6588.75 601222.4710083008
6590.0 566220.037940979
6591.25 534579.7535018921
6592.5 529675.6861834526
6593.75 504711.24660491943
6595.0 518195.0026855469
6596.25 523644.14350891113
6597.5 516204.6555324793
6598.75 475255.6407957077
6600.0 490040.2984161377
6601.25 494614.0806274414
6602.5 499229.0636291504
6603.75 496830.7999267578
6605.0 491690.8942871094
6606.25 505759.78480529785
6607.5 487812.66543889046
6608.75 473896.98181533813
6610.0 488185.9327354431
6611.25 476249.12118911743
6612.5 468919.515835762
6613.75 505097.85567092896
6615.0 486910.022315979
6616.25 487482.5994653702
6617.5 470405.5867729187
6618.75 490612.7014837265
6620.0 481498.2502975464
6621.25 476730.3282470703
6622.5 480782.39210128784
6623.75 472329.35278224945
6625.0 466278.9926814735
6626.25 463548.27685546875
6627.5 451782.4135875702
6628.75 476595.85147857666
6630.0 473414.5627242923
6631.25 452744.396522522
6632.5 447277.6005630493
6633.75 466151.76832962036
6635.0 453686.0408935547
6636.25 463141.2275161743
6637.5 490470.38388061523
6638.75 478642.0157928467
6640.0 452316.9574127197
6641.25 464884.6809234619
6642.5 433852.01979255676
6643.75 444663.1965317726
6645.0 459175.7090563774
6646.25 449778.3357601166
6647.5 457903.73945617676
6648.75 465686.5852148533
6650.0 468338.33128356934
6651.25 480503.4108428955
6652.5 459617.05850863457
6653.75 476190.9347457886
6655.0 472357.9984521866
6656.25 460992.84976673126
6657.5 462336.28910827637
6658.75 456605.4545478821
6660.0 449230.5339641571
6661.25 449562.7236356735
6662.5 466779.3258342743
6663.75 464437.3202133179
6665.0 444665.7667579651
6666.25 475039.1473040581
6667.5 465629.2164258957
6668.75 459419.7518634796
6670.0 450638.87713623047
6671.25 462411.40406799316
6672.5 450118.6717262268
6673.75 469901.31577301025
6675.0 493368.9652481079
6676.25 1100597.4248046875
6677.5 4204459.955078125
6678.75 5636836.5185546875
6680.0 2558595.9724121094
6681.25 639435.722442627
6682.5 470038.9797925949
6683.75 452118.33075141907
6685.0 455588.01629447937
6686.25 457769.0023651123
6687.5 449191.5213865042
6688.75 466053.1128463745
6690.0 459839.3312072754
6691.25 452984.5739173889
6692.5 459234.9055080414
6693.75 453586.6966724396
6695.0 443235.68797302246
6696.25 450252.21753692627
6697.5 456986.7200040817
6698.75 463443.6653614044
6700.0 460560.166557312
6701.25 456830.4989891052
6702.5 466043.3066253662
6703.75 452586.4825515747
6705.0 454508.596244812
6706.25 451922.6299972534
6707.5 440670.40920972824
6708.75 431405.8292655945
6710.0 452212.0192527771
6711.25 457314.0630950928
6712.5 456447.2470779419
6713.75 534837.5352172852
6715.0 2033894.0471191406
6716.25 6776925.412109375
6717.5 6800903.4521484375
6718.75 2029387.7161865234
6720.0 537030.3996677399
6721.25 488317.20573043823
6722.5 488228.7482910156
6723.75 474011.6287918091
6725.0 477023.9235458374
6726.25 455731.8850440979
6727.5 485151.2574996948
6728.75 956989.2423400879
6730.0 5990541.719238281
6731.25 11501591.046875
6732.5 6553488.5107421875
6733.75 1034165.0348205566
6735.0 493318.3123397827
6736.25 468477.13359475136
6737.5 463779.2848892212
6738.75 442372.3863706589
6740.0 443379.1640987396
6741.25 458650.695350647
6742.5 423998.4089708328
6743.75 437835.18267822266
6745.0 458450.5240325928
6746.25 464113.34896850586
6747.5 449348.0801849365
6748.75 431608.2876534462
6750.0 439552.919960022
6751.25 441414.71912384033
6752.5 449303.2204093933
6753.75 455486.7388305664
6755.0 442917.017786026
6756.25 444637.5387878418
6757.5 442609.3529701233
6758.75 446196.1069946289
6760.0 433027.3352817297
6761.25 429985.74111938477
6762.5 456704.4080810547
6763.75 457585.0871181488
6765.0 432928.7285079956
6766.25 432583.7256612778
6767.5 434424.39988708496
6768.75 430446.5557975769
6770.0 455106.4671859741
6771.25 445433.48654174805
6772.5 413929.417011261
6773.75 436913.32818222046
6775.0 417793.75928115845
6776.25 404694.38174438477
6777.5 445306.76183128357
6778.75 435602.2086856365
6780.0 434703.7388381958
6781.25 429917.5025668144
6782.5 430758.9573688507
6783.75 430169.67653274536
6785.0 426811.6491355896
6786.25 437762.0331363678
6787.5 438670.61095428467
6788.75 460811.8170013428
6790.0 440078.6707725525
6791.25 433841.4666633606
6792.5 424347.2075500488
6793.75 436794.63448143005
6795.0 421155.25654888153
6796.25 435165.0301094055
6797.5 420527.27271938324
6798.75 431792.671790123
6800.0 429518.7713813782
6801.25 424085.475894928
6802.5 418212.79084539413
6803.75 454340.6719741821
6805.0 428150.3321647644
6806.25 432336.92582702637
6807.5 427491.3188421726
6808.75 445256.4244480133
6810.0 420867.549243927
6811.25 432989.84524679184
6812.5 430423.22800159454
6813.75 433297.7064304352
6815.0 414182.7254242897
6816.25 428269.2378234863
6817.5 424880.32186210155
6818.75 439872.5235748291
6820.0 434807.7859020233
6821.25 432485.4390659332
6822.5 428237.6534614563
6823.75 429194.78839588165
6825.0 418447.8186068535
6826.25 452351.7311735153
6827.5 475463.55972123146
6828.75 446093.20585250854
6830.0 463871.34159088135
6831.25 449978.61219501495
6832.5 457706.6518173218
6833.75 448198.332736969
6835.0 452066.476606369
6836.25 430280.1552686691
6837.5 424841.5186576843
6838.75 409742.3398666382
6840.0 440279.96294021606
6841.25 428540.20371055603
6842.5 441623.2025756836
6843.75 420215.2199757099
6845.0 437245.34014225006
6846.25 450552.4542388916
6847.5 441861.68016815186
6848.75 426645.47467422485
6850.0 423117.8373413086
6851.25 457868.19786453247
6852.5 431174.2829089165
6853.75 438515.4286469221
6855.0 411550.8650627136
6856.25 431284.11669158936
6857.5 435606.5832977295
6858.75 437800.1857328415
6860.0 433609.5125579834
6861.25 448806.94615364075
6862.5 477233.51945495605
6863.75 483436.1112060547
6865.0 431170.94885253906
6866.25 354448.95291900635
6867.5 274704.48534202576
6868.75 268542.4753665924
6870.0 317198.36895275116
6871.25 325046.9814710617
6872.5 322131.0591659546
6873.75 324104.4989566803
6875.0 340805.4083957672
6876.25 359433.8473339081
6877.5 365102.22293043137
6878.75 388082.5545039177
6880.0 419352.3122520447
6881.25 418628.26632499695
6882.5 406714.0358695984
6883.75 386411.1136948019
6885.0 373665.2776260376
6886.25 374065.5485191345
6887.5 381331.97997283936
6888.75 372810.87109947205
6890.0 395444.3763656616
6891.25 384352.96768045425
6892.5 366543.7957429886
6893.75 388176.1659049988
6895.0 397981.47824287415
6896.25 374103.870513916
6897.5 384479.4126598835
6898.75 392923.1459288597
6900.0 373428.9126739502
6901.25 399617.0014343262
6902.5 415813.5809144974
6903.75 369947.328294754
6905.0 389049.6231842041
6906.25 408002.4609928131
6907.5 392722.90673828125
6908.75 389289.3537168503
6910.0 421279.8413848877
6911.25 448353.4121246338
6912.5 416524.06586420536
6913.75 417631.88596343994
6915.0 411715.77752685547
6916.25 416082.2285246849
6917.5 411565.4608707428
6918.75 392054.57876586914
6920.0 423192.0326857567
6921.25 445259.1188659668
6922.5 442511.310379982
6923.75 429587.0535507202
6925.0 401180.83762550354
6926.25 405997.1426463127
6927.5 407566.01214551926
6928.75 411150.1150431633
6930.0 416899.3074645996
6931.25 409410.6745605469
6932.5 419944.397857666
6933.75 406537.6491661072
6935.0 428636.98347854614
6936.25 420661.08160209656
6937.5 423612.1913833618
6938.75 425758.99786663055
6940.0 407211.6334915161
6941.25 401395.10584163666
6942.5 409275.92568969727
6943.75 409735.91065216064
6945.0 413083.46683239937
6946.25 410348.99328422546
6947.5 445582.1524887085
6948.75 452851.9207687378
6950.0 437641.06858825684
6951.25 430671.07166719437
6952.5 420606.5180721283
6953.75 428515.802836895
6955.0 424398.5954284668
6956.25 402258.5981088877
6957.5 399069.81714630127
6958.75 422192.0308074951
6960.0 399956.7286911011
6961.25 422118.67753601074
6962.5 404827.97448158264
6963.75 411104.7306365967
6965.0 409319.0193576813
6966.25 410566.08783340454
6967.5 399195.1262550354
6968.75 441015.56463623047
6970.0 440038.43131256104
6971.25 420721.93894958496
6972.5 422302.87913131714
6973.75 424764.22344970703
6975.0 415124.82256126404
6976.25 438683.87868118286
6977.5 441717.89643859863
6978.75 423657.7712097168
6980.0 417359.6949310303
6981.25 394308.1416275501
6982.5 411512.48072624207
6983.75 411078.9049606323
6985.0 387940.2581176758
6986.25 403660.5341682434
6987.5 409165.3204689026
6988.75 421537.0668964386
6990.0 412239.2813606262
6991.25 408464.209400177
6992.5 405783.918258667
6993.75 405297.8441543579
6995.0 409223.622505188
6996.25 412678.51179122925
6997.5 417885.2160987854
6998.75 409726.19182777405
7000.0 410268.0775001645
7001.25 462285.06884002686
7002.5 526324.5473327637
7003.75 478570.8354034424
7005.0 424595.2443790436
7006.25 424620.32763671875
7007.5 428209.53552246094
7008.75 420124.0916900635
7010.0 404611.00469207764
7011.25 413669.3661727905
7012.5 406164.8592119217
7013.75 418143.707865715
7015.0 401471.6252593994
7016.25 403506.67528152466
7017.5 407611.2118809223
7018.75 404729.9654741287
7020.0 413550.3503265381
7021.25 402202.1032924652
7022.5 404551.7500076294
7023.75 398399.0278644562
7025.0 412770.72160720825
7026.25 408201.77812194824
7027.5 410262.3639240265
7028.75 407607.5346107483
7030.0 423620.1776046753
7031.25 394973.78423690796
7032.5 421953.91415023804
7033.75 404780.0930671692
7035.0 391945.56156015396
7036.25 410124.97243881226
7037.5 405985.17892074585
7038.75 411360.38072013855
7040.0 411120.86184310913
7041.25 414506.432718277
7042.5 405326.10105609894
7043.75 404563.7831993103
7045.0 411624.42181777954
7046.25 421989.85737228394
7047.5 437807.6284484863
7048.75 437521.9069328308
7050.0 407460.808801651
7051.25 393963.03148651123
7052.5 399937.2474822998
7053.75 419631.90187072754
7055.0 412516.0021557808
7056.25 407565.6333808899
7057.5 405349.15815734863
7058.75 404860.20194244385
7060.0 411373.1586456299
7061.25 438665.8711128235
7062.5 557235.0775146484
7063.75 2158818.229248047
7065.0 6616109.7314453125
7066.25 6382154.8408203125
7067.5 1921356.29296875
7068.75 495017.4365386963
7070.0 421401.4727649689
7071.25 410576.0069885254
7072.5 409828.6330833435
7073.75 412038.3904953003
7075.0 408935.2404625416
7076.25 406152.63248443604
7077.5 417392.2158432007
7078.75 424534.078663826
7080.0 400225.1165342331
7081.25 400188.6463432312
7082.5 399647.91707634926
7083.75 392238.11653900146
7085.0 403588.7721672058
7086.25 410650.8371734619
7087.5 429999.6099023819
7088.75 411911.31711483
7090.0 415614.1197605133
7091.25 413315.20110321045
7092.5 416357.07261276245
7093.75 402649.15386772156
7095.0 426510.13209724426
7096.25 407992.0730251074
7097.5 396686.97999572754
7098.75 399907.0866622925
7100.0 402534.4372024536
7101.25 411742.2203284502
7102.5 399460.5360279083
7103.75 414781.2631571293
7105.0 402547.3876647949
7106.25 407790.3745422363
7107.5 405488.6112289429
7108.75 418121.10788059235
7110.0 405310.7142868042
7111.25 421802.73527145386
7112.5 425788.6783809662
7113.75 412926.2691307068
7115.0 411944.36210918427
7116.25 416434.98317337036
7117.5 389082.88692092896
7118.75 403131.8045806885
7120.0 403446.5194244385
7121.25 386835.2112689018
7122.5 403097.374042511
7123.75 417334.9740142822
7125.0 394228.732213974
7126.25 402993.8691368103
7127.5 413247.3223772049
7128.75 417895.51493263245
7130.0 399143.799659729
7131.25 443341.9942626953
7132.5 505324.62547302246
7133.75 2004498.112915039
7135.0 13172836.220703125
7136.25 20969251.04296875
7137.5 9682180.719726562
7138.75 1186386.955078125
7140.0 473986.49209594727
7141.25 429717.7889556885
7142.5 412307.81020641327
7143.75 407104.27417755127
7145.0 412533.3000559807
7146.25 409106.5846915245
7147.5 405367.56366729736
7148.75 409649.4316123128
7150.0 394274.749710083
7151.25 392452.29678726196
7152.5 413589.5256958008
7153.75 419395.21086120605
7155.0 493298.4973754883
7156.25 495411.9896450043
7157.5 432158.64557266235
7158.75 400774.36779785156
7160.0 416648.9770965576
7161.25 416847.40632247925
7162.5 389687.4625778198
7163.75 397024.94342803955
7165.0 397483.479385376
7166.25 390260.77868652344
7167.5 388691.92768859863
7168.75 389181.67872428894
7170.0 396126.6873550415
7171.25 393934.94459438324
7172.5 417969.5510149002
7173.75 404547.3148574829
7175.0 385219.5197132826
7176.25 391383.64785957336
7177.5 398957.7248315811
7178.75 386856.41340732574
7180.0 404888.81522369385
7181.25 392250.46093440056
7182.5 371704.49714660645
7183.75 404640.20304870605
7185.0 373337.0168130398
7186.25 368823.2078933716
7187.5 386302.36769104004
7188.75 400221.50128650665
7190.0 373659.91329574585
7191.25 367509.43194675446
7192.5 372020.3419418335
7193.75 368123.60155314207
7195.0 392260.59786224365
7196.25 385872.9189071655
7197.5 395281.6220077276
7198.75 376413.44982910156
7200.0 389490.36197662354
7201.25 381929.43645477295
7202.5 373003.33644485474
7203.75 383256.12841033936
7205.0 382918.18461608887
7206.25 376460.9318294525
7207.5 377330.1698465347
7208.75 391048.3209838867
7210.0 392211.77337646484
7211.25 396821.4353084564
7212.5 408460.8354797363
7213.75 389091.1491308212
7215.0 406477.30215740204
7216.25 392314.258354187
7217.5 391383.6320152283
7218.75 389996.3478796482
7220.0 383994.11852264404
7221.25 373076.98673562706
7222.5 398858.36516046524
7223.75 382226.1473083496
7225.0 387517.05519104004
7226.25 383590.87059020996
7227.5 396970.0309391022
7228.75 391335.97237968445
7230.0 419661.4157485962
7231.25 506580.58586120605
7232.5 463484.7243499756
7233.75 399762.50082790107
7235.0 455428.83209609985
7236.25 619439.3560333252
7237.5 635052.8755493164
7238.75 522321.9712524414
7240.0 490375.9027709961
7241.25 443923.5400695801
7242.5 424950.6361541748
7243.75 464430.984085083
7245.0 457399.49390792847
7246.25 425933.1902961731
7247.5 382960.7329406738
7248.75 392336.96407699585
7250.0 378520.2076997757
7251.25 407919.3217086792
7252.5 408433.72423291206
7253.75 477186.8822860718
7255.0 534297.7982940674
7256.25 467981.7467803955
7257.5 392999.97817993164
7258.75 388445.50051116943
7260.0 387998.0411682129
7261.25 376374.1502494812
7262.5 393861.7102165222
7263.75 364445.88367533684
7265.0 354905.1095523834
7266.25 397720.6837615967
7267.5 398498.1501045227
7268.75 408054.24057388306
7270.0 387315.02921676636
7271.25 373663.35072898865
7272.5 376714.0913848877
7273.75 404208.2300415039
7275.0 515919.54265761375
7276.25 510718.5510253906
7277.5 427471.27696609497
7278.75 418685.7210845947
7280.0 704270.943572998
7281.25 1299571.6126708984
7282.5 1151146.6940917969
7283.75 604282.3916015625
7285.0 445492.5464668274
7286.25 402285.35338145494
7287.5 382191.75843048096
7288.75 384668.3779449463
7290.0 392535.6859970093
7291.25 384542.7639198303
7292.5 407569.02262306213
7293.75 391117.6623764038
7295.0 423388.5975570679
7296.25 402736.1858177185
7297.5 410096.37660217285
7298.75 422042.74686050415
7300.0 411231.53499412537
7301.25 390668.2007904053
7302.5 420724.04528808594
7303.75 419220.27234458923
7305.0 405305.41700172424
7306.25 412763.9145812988
7307.5 391658.60415267944
7308.75 400140.90325546265
7310.0 384682.405295372
7311.25 397740.6079711914
7312.5 408485.29289627075
7313.75 390992.5982131958
7315.0 487052.7072534561
7316.25 517417.20697021484
7317.5 751272.0423870087
7318.75 2843952.0927734375
7320.0 6229939.141113281
7321.25 5060469.3427734375
7322.5 1397190.4012451172
7323.75 437184.08544158936
7325.0 385759.0825843811
7326.25 399090.8467731476
7327.5 544852.0758972168
7328.75 1802480.107055664
7330.0 4530498.803222656
7331.25 4696735.113769531
7332.5 1928367.8395996094
7333.75 523761.5617980957
7335.0 412975.9669685364
7336.25 416154.92987823486
7337.5 387077.7617712021
7338.75 461891.3258590698
7340.0 539422.7846374512
7341.25 505181.9666442871
7342.5 412010.4425125122
7343.75 387421.2785139084
7345.0 378165.60093688965
7346.25 381459.7494812012
7347.5 379831.84003448486
7348.75 375672.0072116852
7350.0 373933.35895347595
7351.25 371125.18724250793
7352.5 397124.544380188
7353.75 385308.0554857254
7355.0 395963.5322189331
7356.25 396954.86170578003
7357.5 440805.7586517334
7358.75 436173.38030815125
7360.0 396404.1256866455
7361.25 388798.0726776123
7362.5 385265.5821208954
7363.75 373471.7636356354
7365.0 379435.0207748413
7366.25 386727.5065193176
7367.5 433866.2253417969
7368.75 499881.85621213913
7370.0 442205.51863098145
7371.25 381791.40814971924
7372.5 388108.09467697144
7373.75 375960.5415496826
7375.0 392569.2534580231
7376.25 385443.48025894165
7377.5 462816.33770751953
7378.75 504069.18235206604
7380.0 420759.3908920288
7381.25 386085.4054555893
7382.5 360077.5208146572
7383.75 374434.14592552185
7385.0 382418.4874572754
7386.25 379110.32227897644
7387.5 411328.0447254181
7388.75 392474.3532333374
7390.0 395751.35747146606
7391.25 407517.5274512768
7392.5 402509.0907974243
7393.75 375794.38495254517
7395.0 384473.569480896
7396.25 384045.80363464355
7397.5 382836.50020599365
7398.75 395726.7478761673
7400.0 435561.4749865532
7401.25 476586.3496723175
7402.5 422896.0485839844
7403.75 376276.8069925308
7405.0 368811.69404792786
7406.25 386988.8382835388
7407.5 385817.32456970215
7408.75 381581.0286369324
7410.0 389895.9822463989
7411.25 409516.51455307007
7412.5 414221.10397720337
7413.75 391447.62507629395
7415.0 380456.0484466553
7416.25 376879.2492210865
7417.5 386002.1262359619
7418.75 393587.4577522278
7420.0 374227.2527732849
7421.25 378579.68813586235
7422.5 378175.85458660126
7423.75 399103.7359428406
7425.0 390198.0326652527
7426.25 382226.14331412315
7427.5 390692.03284835815
7428.75 394461.47839546204
7430.0 407151.09059143066
7431.25 380123.7137784958
7432.5 369052.7018766403
7433.75 379442.78472328186
7435.0 370890.4889154434
7436.25 408775.3631439209
7437.5 426821.93812561035
7438.75 411585.3485612869
7440.0 373479.5888996124
7441.25 391128.42168712616
7442.5 424963.51385498047
7443.75 414331.05191993713
7445.0 399558.9290122986
7446.25 367521.82720565796
7447.5 370691.3133010864
7448.75 377546.6604194641
7450.0 374821.9712295532
7451.25 389619.41132736206
7452.5 398626.28864860535
7453.75 411794.46910095215
7455.0 383379.6670217514
7456.25 388224.37393188477
7457.5 384680.9281692505
7458.75 394421.9582481384
7460.0 396916.7678833008
7461.25 371448.26661491394
7462.5 362782.512321949
7463.75 384595.8345556259
7465.0 380177.9147415161
7466.25 376449.3323326111
7467.5 410296.85004615784
7468.75 454776.659866333
7470.0 428580.90575027466
7471.25 409846.15171051025
7472.5 392707.2391586304
7473.75 408393.8687286377
7475.0 373385.93924999237
7476.25 378934.3083534241
7477.5 389474.46890830994
7478.75 398703.94091033936
7480.0 385495.25466918945
7481.25 400308.56324768066
7482.5 400547.0019760132
7483.75 414854.57262802124
7485.0 383239.0090332031
7486.25 374927.26940727234
7487.5 374381.7456829548
7488.75 382206.8642425537
7490.0 371158.62278175354
7491.25 378279.8868942261
7492.5 385744.3565673828
7493.75 389697.8348363638
7495.0 386722.2313079834
7496.25 374744.3562383652
7497.5 385772.1443991661
7498.75 418805.50466918945
7500.0 438042.65718078613
7501.25 404117.5694748163
7502.5 394278.62771224976
7503.75 368257.1445980072
7505.0 392631.7588777542
7506.25 363865.69064617157
7507.5 362921.1022987366
7508.75 367301.3314628601
7510.0 359724.988240242
7511.25 367450.4111266136
7512.5 385616.1284866333
7513.75 386488.2250556946
7515.0 368422.61559677124
7516.25 369465.6797738075
7517.5 372592.723197937
7518.75 386985.7677383423
7520.0 387904.2920913696
7521.25 381454.9634590149
7522.5 430740.3373184204
7523.75 440769.34965515137
7525.0 382507.2222518921
7526.25 383497.7142486572
7527.5 373302.5357179642
7528.75 390691.288094759
7530.0 396894.80697345734
7531.25 382914.88792419434
7532.5 363047.15348243713
7533.75 361009.51498413086
7535.0 390219.0571498871
7536.25 384257.1453742981
7537.5 377850.75156879425
7538.75 375052.04375076294
7540.0 382279.1189918518
7541.25 371361.67440509796
7542.5 357304.02165079117
7543.75 379996.89965581894
7545.0 381768.37391757965
7546.25 367403.6744155884
7547.5 365835.3515291214
7548.75 381461.7744169235
7550.0 380690.05126190186
7551.25 374436.25311660767
7552.5 384401.6140022278
7553.75 365853.9368544817
7555.0 372346.39751052856
7556.25 365790.692899704
7557.5 381436.641535759
7558.75 367017.13423252106
7560.0 371544.02189826965
7561.25 390912.8763809204
7562.5 353229.5767917633
7563.75 364697.3413718343
7565.0 362821.44090914726
7566.25 358293.59299468994
7567.5 382613.79177474976
7568.75 378942.83247184753
7570.0 406217.65180397034
7571.25 436250.5805301666
7572.5 398611.1213054657
7573.75 372769.69645118713
7575.0 362865.19731616974
7576.25 368802.866563797
7577.5 356403.97475528717
7578.75 373327.55577659607
7580.0 369783.69698667526
7581.25 361485.9898519516
7582.5 356782.19430732727
7583.75 375464.4266681671
7585.0 367490.9572516084
7586.25 388170.5645523071
7587.5 369896.0121908188
7588.75 350983.84330654144
7590.0 365897.52353286743
7591.25 367620.09700393677
7592.5 300635.13429403305
7593.75 200123.19715049863
7595.0 147834.65194499493
7596.25 150503.41067910194
7597.5 159071.6732172966
7598.75 141122.1360506788
7600.0 102482.62206356227
7601.25 91781.17138898373
7602.5 79946.99222660065
7603.75 87285.4026606381
7605.0 106852.39067530632
7606.25 89368.34469246864
7607.5 113495.73265028
7608.75 114441.08378267288
7610.0 140881.54946899414
7611.25 146139.18261826038
7612.5 169103.56108093262
7613.75 180387.4712934494
7615.0 191988.77748727798
7616.25 303310.2978744507
7617.5 354704.423391819
7618.75 329526.50237464905
7620.0 254465.90574932098
7621.25 247694.72771453857
7622.5 189106.67019987106
7623.75 171936.59465384483
7625.0 214989.16181647778
7626.25 182003.40620708466
7627.5 184233.8953037262
7628.75 242283.3161804676
7630.0 177173.50635236502
7631.25 160649.27103370428
7632.5 230332.81594860554
7633.75 216232.74096667767
7635.0 162007.26479709148
7636.25 225610.18928033113
7637.5 287594.2227816582
7638.75 188201.3782505989
7640.0 192316.3598613739
7641.25 259680.6751997471
7642.5 259967.74941906333
7643.75 189269.00782583654
7645.0 240283.15589547157
7646.25 320155.59906578064
7647.5 265700.37227344513
7648.75 211192.26336669922
7650.0 259162.15419197083
7651.25 324891.36042404175
7652.5 299998.5656774044
7653.75 238354.61675064266
7655.0 279680.5209007263
7656.25 331763.0805263519
7657.5 327532.24907684326
7658.75 273206.9643816948
7660.0 297627.0988807678
7661.25 343402.526512146
7662.5 355422.2178297043
7663.75 326218.56050896645
7665.0 294639.44571876526
7666.25 320488.5733060837
7667.5 356429.43712329865
7668.75 319809.9015620947
7670.0 340360.9997625351
7671.25 320252.4808244705
7672.5 342006.4588088989
7673.75 347684.3198413849
7675.0 331567.7145271301
7676.25 310101.11168670654
7677.5 307348.02593421936
7678.75 367123.01321697235
7680.0 357883.9609851837
7681.25 338553.68519592285
7682.5 333225.09323883057
7683.75 333679.12292099
7685.0 354170.3768463135
7686.25 377041.7950305939
7687.5 360972.61825942993
7688.75 344584.7365093231
7690.0 360262.71305942535
7691.25 388918.54836034775
7692.5 359055.1100239754
7693.75 342090.53168678284
7695.0 343542.33867263794
7696.25 335203.78488636017
7697.5 366018.47574043274
7698.75 376718.27805012465
7700.0 360656.469230175
7701.25 358253.29288482666
7702.5 361609.64259776473
7703.75 352998.15771627426
7705.0 372076.80086803436
7706.25 347870.36928653717
7707.5 352825.15323352814
7708.75 348215.5389289856
7710.0 393175.6198501587
7711.25 467891.5485095978
7712.5 483452.7014312744
7713.75 410019.49253463745
7715.0 463549.4078216553
7716.25 505680.7276535034
7717.5 453206.03036499023
7718.75 380166.957485199
7720.0 349715.7253885269
7721.25 350534.6915025711
7722.5 371438.0080871582
7723.75 376062.1203289032
7725.0 376815.6173262596
7726.25 364851.06723952293
7727.5 356404.6418390274
7728.75 354211.4793167114
7730.0 348049.18868637085
7731.25 358688.94685173035
7732.5 346087.55526924133
7733.75 354808.02356529236
7735.0 369319.4439315796
7736.25 354760.2975449562
7737.5 334500.638415575
7738.75 360778.16664266586
7740.0 345601.9800109863
7741.25 352936.05428791046
7742.5 354569.59598350525
7743.75 374128.2526664734
7745.0 370693.53267002106
7746.25 367412.62241534516
7747.5 400336.88126659393
7748.75 656163.7287273407
7750.0 2624123.516845703
7751.25 5561138.67578125
7752.5 3826731.53125
7753.75 864916.7212524414
7755.0 395133.02377414703
7756.25 360821.5460548401
7757.5 369340.4927749634
7758.75 418391.2533111572
7760.0 442031.468875885
7761.25 362022.8963050842
7762.5 354316.5099411011
7763.75 354529.3559103012
7765.0 369097.57792449
7766.25 352858.1786079407
7767.5 356701.52101898193
7768.75 353502.8173122406
7770.0 388174.3250656128
7771.25 453345.25521850586
7772.5 490187.8250732422
7773.75 469432.70207214355
7775.0 423991.44164276123
7776.25 374673.3423652649
7777.5 364093.6952056885
7778.75 399795.3542022705
7780.0 412007.91979599
7781.25 372125.2598936558
7782.5 380642.0695877075
7783.75 363722.6319332123
7785.0 362469.1466560364
7786.25 342822.88728380203
7787.5 344960.65389561653
7788.75 352618.2008690238
7790.0 363057.3066139221
7791.25 393606.4409632683
7792.5 451530.6222743988
7793.75 493204.18784332275
7795.0 407192.7401161194
7796.25 356217.53257751465
7797.5 355290.3037662506
7798.75 350847.5518684387
7800.0 346396.475271225
7801.25 346017.4293060303
7802.5 365304.66264915466
7803.75 332573.4084687233
7805.0 354754.2988834381
7806.25 385327.9745454788
7807.5 412188.7548236847
7808.75 410114.2429008484
7810.0 369633.7408542633
7811.25 357955.9401497841
7812.5 361498.74873530865
7813.75 353999.0948357582
7815.0 397242.70515441895
7816.25 440044.89629364014
7817.5 420746.6797924042
7818.75 394254.3495941162
7820.0 489257.1004180908
7821.25 523666.8214416504
7822.5 415842.9882955551
7823.75 352078.1802806854
7825.0 358925.68226623535
7826.25 355556.51920700073
7827.5 353719.9060125351
7828.75 352333.11404800415
7830.0 357248.40880203247
7831.25 349142.65489959717
7832.5 331162.9482688904
7833.75 358462.98360443115
7835.0 347245.48888397217
7836.25 361712.73213005066
7837.5 374909.68412971497
7838.75 394076.3421649933
7840.0 407570.78101730347
7841.25 406808.5449066162
7842.5 369389.87195920944
7843.75 352876.28033447266
7845.0 359051.7038488388
7846.25 341321.57512140274
7847.5 363866.0164642334
7848.75 359125.37418556213
7850.0 370382.53629493713
7851.25 436484.55409526825
7852.5 552985.9695091248
7853.75 474351.7700843811
7855.0 352242.3977088928
7856.25 344024.1927561462
7857.5 365670.4007205963
7858.75 382141.92858695984
7860.0 424490.58114242554
7861.25 385976.6115322113
7862.5 370787.7304201126
7863.75 355921.1950340271
7865.0 339750.8615460396
7866.25 359960.0152268708
7867.5 403170.3337020874
7868.75 401977.55093955994
7870.0 410987.73794555664
7871.25 376652.5595359802
7872.5 341293.74930381775
7873.75 342024.045583725
7875.0 347129.77071380615
7876.25 373088.22744750977
7877.5 401790.14361953735
7878.75 396334.10171985626
7880.0 372105.759059906
7881.25 392652.85160923004
7882.5 374223.95551490784
7883.75 357093.856136322
7885.0 346662.05080986023
7886.25 352196.7190246582
7887.5 385579.00146603584
7888.75 458135.96077251434
7890.0 481794.63906919956
7891.25 413345.67522239685
7892.5 356618.8075122833
7893.75 355933.0013074875
7895.0 329615.6639509201
7896.25 356115.3777618408
7897.5 350883.5503330231
7898.75 338313.569316864
7900.0 346684.4927034378
7901.25 343487.5023651123
7902.5 344374.80447387695
7903.75 331526.1974172592
7905.0 338544.0781402588
7906.25 360756.3167190552
7907.5 357943.7936348915
7908.75 342991.3588050604
7910.0 362544.5480194092
7911.25 426275.21617889404
7912.5 541314.0308532715
7913.75 506657.09019875526
7915.0 372477.5233607292
7916.25 355805.3041472435
7917.5 346833.26427555084
7918.75 396675.4711780548
7920.0 451474.16886901855
7921.25 419144.5703306198
7922.5 367743.1533899307
7923.75 335814.7636461258
7925.0 335402.00862693787
7926.25 356312.4055008888
7927.5 341293.7487926483
7928.75 365173.370306015
7930.0 400257.3974046707
7931.25 383153.72183322906
7932.5 359441.66801071167
7933.75 343172.55055475235
7935.0 343660.73360443115
7936.25 356919.8644838333
7937.5 330277.3557215929
7938.75 334902.12558174133
7940.0 335825.8400173187
7941.25 330699.90698337555
7942.5 336488.2775568962
7943.75 343461.37005996704
7945.0 347766.2120885849
7946.25 354803.06351041794
7947.5 376541.6109447479
7948.75 382288.06296920776
7950.0 373494.14874076843
7951.25 323952.37651634216
7952.5 337743.39690971375
7953.75 340462.4985733032
7955.0 333222.87746345997
7956.25 352072.6396369934
7957.5 346449.96424484253
7958.75 339013.5379371643
7960.0 351102.8834142685
7961.25 362218.2633228302
7962.5 408760.2513561249
7963.75 507501.3473892212
7965.0 439595.9045372009
7966.25 341868.04884815216
7967.5 354828.0029821396
7968.75 346326.6163597107
7970.0 343271.25980758667
7971.25 343795.03654515743
7972.5 329223.9787988663
7973.75 342353.7399711609
7975.0 328192.4291267395
7976.25 367070.634809494
7977.5 369574.3594417572
7978.75 400256.83382606506
7980.0 393135.45998477936
7981.25 351410.97844550014
7982.5 334213.32178545
7983.75 326376.2025029659
7985.0 337006.77374219894
7986.25 346889.61560821533
7987.5 349693.74139404297
7988.75 361262.7428188324
7990.0 358347.0412635803
7991.25 423735.04527664185
7992.5 543198.6500473022
7993.75 453376.99112319946
7995.0 345354.19887161255
7996.25 360251.91832637787
7997.5 334386.4334220886
7998.75 352698.9377987385
8000.0 364634.2193889618
8001.25 360631.0924882889
8002.5 350110.57468795776
8003.75 336681.64208078384
8005.0 332068.4156551361
8006.25 335920.63072413206
8007.5 350995.3093223572
8008.75 338755.27108192444
8010.0 346085.0758919716
8011.25 360375.5651130676
8012.5 379375.1195411682
8013.75 388987.79298114777
8015.0 377465.1757106781
8016.25 347240.7248892784
8017.5 342994.5568294525
8018.75 329382.5861775875
8020.0 336990.6743173599
8021.25 330825.5195159912
8022.5 339807.5165014267
8023.75 374510.10066223145
8025.0 451626.49446105957
8026.25 403111.37199020386
8027.5 351964.5658569336
8028.75 329092.84912872314
8030.0 320518.2288970947
8031.25 350091.3996965885
8032.5 340547.73349666595
8033.75 327000.7945766449
8035.0 334787.70850372314
8036.25 339883.8994731903
8037.5 338149.6631140709
8038.75 334421.55667316914
8040.0 342576.773183465
8041.25 330637.89125061035
8042.5 334014.07245349884
8043.75 351725.44849681854
8045.0 336097.7544822693
8046.25 359033.44397354126
8047.5 348810.7688588649
8048.75 324732.0590610504
8050.0 350960.3951244354
8051.25 350217.67566108704
8052.5 339339.52725601196
8053.75 318881.8832025528
8055.0 316354.16363811493
8056.25 339048.9470229149
8057.5 347979.91983032227
8058.75 350713.17663383484
8060.0 373507.50202560425
8061.25 400802.0316848755
8062.5 376876.79553604126
8063.75 334321.61933374405
8065.0 331776.165825367
8066.25 332618.22536599636
8067.5 322853.7830467224
8068.75 328439.0903375149
8070.0 325780.4104423523
8071.25 334639.32788848877
8072.5 309818.1074760556
8073.75 323794.90344953537
8075.0 340686.28033828735
8076.25 347738.5223426819
8077.5 321912.13439941406
8078.75 342369.6952381134
8080.0 317965.39571380615
8081.25 315374.2023038864
8082.5 337822.76599884033
8083.75 338969.80504226685
8085.0 348016.0857257843
8086.25 317482.056722641
8087.5 333961.8130130768
8088.75 310001.4168872833
8090.0 315571.7835035324
8091.25 341897.3947067261
8092.5 337773.0915527344
8093.75 354757.7751636505
8095.0 337360.41963005066
8096.25 339845.0712585449
8097.5 321503.3336830139
8098.75 321161.7392439842
8100.0 336893.3889269829
8101.25 373844.0193080902
8102.5 353670.1920428276
8103.75 345197.2070749849
8105.0 350742.7317867279
8106.25 344095.10373687744
8107.5 327487.8208179474
8108.75 325180.32576942444
8110.0 316702.1750793457
8111.25 330496.106048584
8112.5 336801.195543766
8113.75 327872.8482093811
8115.0 322953.62385225296
8116.25 343497.00911045074
8117.5 359611.76852607727
8118.75 324142.0222096443
8120.0 335058.8076429367
8121.25 314675.43985652924
8122.5 325038.9630088806
8123.75 334301.35233688354
8125.0 333347.8336844444
8126.25 347745.0021276474
8127.5 330905.7457342148
8128.75 318492.7387313843
8130.0 320169.54919427633
8131.25 328246.52190971375
8132.5 314265.58032894135
8133.75 313502.71790599823
8135.0 323258.18951416016
8136.25 338016.83244013786
8137.5 345203.9521544874
8138.75 335133.5801463127
8140.0 344377.93180561066
8141.25 333577.15922164917
8142.5 323552.3983912468
8143.75 326536.21262419224
8145.0 322309.16751265526
8146.25 346225.8180923462
8147.5 311420.32043504715
8148.75 315031.88501930237
8150.0 309755.9279098511
8151.25 332357.1824436188
8152.5 323844.3723459244
8153.75 312481.1236810684
8155.0 337506.6237602234
8156.25 334945.337471962
8157.5 318608.35484933853
8158.75 322298.91211915016
8160.0 291374.91645407677
8161.25 293521.67558658123
8162.5 306896.5301941633
8163.75 302369.3159044385
8165.0 312122.361954689
8166.25 319497.3188728094
8167.5 296171.40595817566
8168.75 287555.18042626977
8170.0 292574.5700726509
8171.25 335096.00476264954
8172.5 324195.8723144531
8173.75 311564.8788616657
8175.0 315722.39813634753
8176.25 290089.0779886246
8177.5 314110.7317826748
8178.75 306176.19601893425
8180.0 323710.61981487274
8181.25 314774.9808701277
8182.5 319793.44671964645
8183.75 317109.1885769367
8185.0 360352.10002040863
8186.25 343054.22964811325
8187.5 323157.16946172714
8188.75 361124.0089793205
8190.0 346852.5851583481
8191.25 308596.5302307606
8192.5 320793.1610081196
8193.75 306839.0120356083
8195.0 333664.9076298475
8196.25 305862.0711750984
8197.5 298761.2904564142
8198.75 302056.12878608704
8200.0 343526.1789627075
8201.25 353301.00929260254
8202.5 333814.64155340195
8203.75 338980.4959580898
8205.0 338852.8209018707
8206.25 331587.4312591553
8207.5 322666.9729270935
8208.75 323188.4336700514
8210.0 348071.279088974
8211.25 343075.3499443531
8212.5 342926.946978271
8213.75 298584.71877908707
8215.0 318767.1598548889
8216.25 383433.60778045654
8217.5 367862.2704129219
8218.75 328776.63294029236
8220.0 306164.59101581573
8221.25 305215.63244247437
8222.5 350907.51273322105
8223.75 371044.8651865721
8225.0 335413.89888191223
8226.25 260668.61461925507
8227.5 252744.4983908534
8228.75 270561.65977171063
8230.0 307487.28190016747
8231.25 286311.7524719238
8232.5 266946.1558660269
8233.75 284140.26416516304
8235.0 281937.62294721603
8236.25 306095.8025740497
8237.5 267772.0666196346
8238.75 271856.48628127575
8240.0 256814.52100229263
8241.25 280801.00328445435
8242.5 329280.71737766266
8243.75 313810.781522274
8245.0 290946.02852249146
8246.25 257892.066054821
8247.5 276401.65418577194
8248.75 278031.7084517479
8250.0 280137.1042909622
8251.25 258152.524874568
8252.5 272002.39304304123
8253.75 282867.8657960892
8255.0 240898.57450661063
8256.25 252296.2957804203
8257.5 257728.27653694153
8258.75 250403.54807925224
8260.0 257735.0406485498
8261.25 299646.9477610588
8262.5 260301.03559213877
8263.75 264033.2937941551
8265.0 323942.6833868027
8266.25 271758.10422217846
8267.5 285672.6025226116
8268.75 293229.94334220886
8270.0 242844.72906589508
8271.25 264619.07009744644
8272.5 285326.5861079693
8273.75 232743.59789919853
8275.0 234135.1887896061
8276.25 312543.9618062973
8277.5 322067.9651348591
8278.75 269373.6967796497
8280.0 320502.75128114223
8281.25 397359.4250230789
8282.5 334774.9868116379
8283.75 234793.87506353855
8285.0 279349.28406488895
8286.25 383434.5011062622
8287.5 473883.68569374084
8288.75 359952.9996776581
8290.0 241905.1485171318
8291.25 271456.3168900013
8292.5 325764.94379764795
8293.75 289667.1964519024
8295.0 254470.9444720745
8296.25 256641.071723938
8297.5 380774.14081454277
8298.75 489714.2715873718
8300.0 376841.7696557045
8301.25 237584.2709312439
8302.5 190314.87445509434
8303.75 197475.29562425613
8305.0 275639.38399505615
8306.25 372062.6350070238
8307.5 352528.66028785706
8308.75 261330.1136122942
8310.0 237125.81577777863
8311.25 195578.28290605545
8312.5 200607.4752421379
8313.75 339243.10726320744
8315.0 383935.11723327637
8316.25 268895.76879405975
8317.5 192939.33236330748
8318.75 179815.27322506905
8320.0 183925.57352161407
8321.25 176649.6471451521
8322.5 282551.0249180794
8323.75 395926.657743454
8325.0 301496.0099515915
8326.25 179868.19386839867
8327.5 159358.75269287825
8328.75 159955.408670187
8330.0 186347.4443076849
8331.25 183404.2865695879
8332.5 246247.87811490893
8333.75 440528.4115514755
8335.0 418966.947558403
8336.25 229361.6184797287
8337.5 173941.03638362885
8338.75 189796.09408915043
8340.0 181579.35011442378
8341.25 231257.8588027954
8342.5 417158.5030860901
8343.75 645527.4081420898
8345.0 635409.5695881844
8346.25 483504.6947193146
8347.5 305353.26388931274
8348.75 193177.6817331314
8350.0 202612.25035095215
8351.25 264605.1394739151
8352.5 316168.132232666
8353.75 236303.11541318893
8355.0 170755.0713543892
8356.25 171772.45812785625
8357.5 266128.189091444
8358.75 475950.3777618408
8360.0 535340.178779602
8361.25 383373.82929611206
8362.5 331984.3029527664
8363.75 254318.15890145302
8365.0 215660.44037938118
8366.25 183152.5012409687
8367.5 158276.95161169767
8368.75 167338.58263540268
8370.0 182696.2166659832
8371.25 169772.0668359995
8372.5 223886.94188648462
8373.75 429317.4572954178
8375.0 540670.1716308594
8376.25 371195.3569097519
8377.5 213902.2791404724
8378.75 183316.93508124352
8380.0 238031.61385536194
8381.25 262381.42838573456
8382.5 246132.2769627571
8383.75 167334.6330165863
8385.0 140770.68625819683
8386.25 170541.91114613414
8387.5 141945.03933149576
8388.75 181807.24463748932
8390.0 206000.5191348493
8391.25 337968.56452059746
8392.5 576678.9347190857
8393.75 458550.9953174591
8395.0 225078.84832906723
8396.25 232054.57544660568
8397.5 390439.939961195
8398.75 483330.03606987
8400.0 283275.3508386612
8401.25 166679.29378128052
8402.5 160877.46063899994
8403.75 164668.28116464615
8405.0 167371.59291124344
8406.25 155993.62704908848
8407.5 166546.33692765236
8408.75 164478.34292924404
8410.0 168249.95088768005
8411.25 206408.57898676395
8412.5 480579.81045532227
8413.75 740628.8135929108
8415.0 551683.8307113647
8416.25 250883.60968232155
8417.5 184494.33800873905
8418.75 187245.63670158386
8420.0 171570.11192029715
8421.25 194963.03733460605
8422.5 208003.72433680296
8423.75 195021.59538412094
8425.0 187351.70349240303
8426.25 194148.81385564804
8427.5 251613.55420207977
8428.75 462500.2484424114
8430.0 510459.26873254776
8431.25 256524.8775510788
8432.5 186419.25834727287
8433.75 203473.26992988586
8435.0 196563.60490608215
8436.25 283233.1162811518
8437.5 631493.821849823
8438.75 732895.5432281494
8440.0 370992.3562812805
8441.25 182439.72950918972
8442.5 191444.27653625607
8443.75 225993.93609809875
8445.0 438452.0417251587
8446.25 1177607.0586547852
8447.5 1441225.7618408203
8448.75 712246.405090332
8450.0 252898.96596860886
8451.25 299359.64017653465
8452.5 274748.1683559418
8453.75 205210.27285826206
8455.0 184923.25061416626
8456.25 151827.3909547329
8457.5 165397.0470855236
8458.75 166888.35232675076
8460.0 187500.53705382347
8461.25 177496.59998464584
8462.5 212525.95158332586
8463.75 357390.63551330566
8465.0 447028.7401738167
8466.25 565502.1550188065
8467.5 836205.4584817886
8468.75 600969.3854217529
8470.0 216730.73101621866
8471.25 156321.17643518746
8472.5 165301.35299116373
8473.75 178767.99806761742
8475.0 152830.79948186874
8476.25 188519.06016504765
8477.5 154556.7173974514
8478.75 173301.60697963834
8480.0 177969.00828027725
8481.25 180968.5138515234
8482.5 161082.29826828837
8483.75 173535.8148649931
8485.0 168745.76973867416
8486.25 199569.90028738976
8487.5 181252.44158497453
8488.75 167831.42082625628
8490.0 177299.06913268566
8491.25 210294.8836672902
8492.5 248047.92780697346
8493.75 205678.0099717155
8495.0 171898.62238121033
8496.25 172064.25321245193
8497.5 170293.6238512993
8498.75 181528.16699677706
8500.0 234524.24354171753
8501.25 500623.1465835571
8502.5 993207.5512084961
8503.75 922278.0200805664
8505.0 388452.9510345459
8506.25 172661.25731134415
8507.5 167369.83992493153
8508.75 153642.0841305256
8510.0 172263.3787934184
8511.25 162692.16272383928
8512.5 155758.73477369547
8513.75 172209.9564203024
8515.0 172729.22112250328
8516.25 154424.5238803029
8517.5 192950.62061748654
8518.75 182916.69047117233
8520.0 174437.92969226837
8521.25 170240.63675945997
8522.5 182282.94851374626
8523.75 163607.25139808655
8525.0 160083.84420728683
8526.25 167679.31160402298
8527.5 184296.04250705242
8528.75 193540.99457633495
8530.0 204676.01812815666
8531.25 175592.60370874405
8532.5 168820.19907072186
8533.75 165757.5263504982
8535.0 173091.53504776955
8536.25 181232.38970017433
8537.5 184605.85367512703
8538.75 187410.91556346416
8540.0 165175.25911813974
8541.25 173982.08202075958
8542.5 203356.51852464676
8543.75 391254.06966257095
8545.0 947346.955871582
8546.25 1094716.737121582
8547.5 522406.1668319702
8548.75 254414.3628473282
8550.0 199234.18565511703
8551.25 187567.73384571075
8552.5 167780.84869778156
8553.75 165684.56545387208
8555.0 168177.26597118378
8556.25 172151.45387506485
8557.5 187207.25550436974
8558.75 188055.59721565247
8560.0 168989.44475084543
8561.25 178539.29937452078
8562.5 197813.3330990076
8563.75 178457.22059845924
8565.0 181847.81717181206
8566.25 209155.44301366806
8567.5 207392.91861355305
8568.75 216049.23250961304
8570.0 224331.76318979263
8571.25 211304.80707073212
8572.5 219575.72531700134
8573.75 244886.77240359783
8575.0 233810.43780688941
8576.25 253093.57802569866
8577.5 284755.20497369766
8578.75 418391.4606590271
8580.0 423486.6199016571
8581.25 333310.3825201988
8582.5 333765.4711458981
8583.75 302568.3671451807
8585.0 253164.4741783142
8586.25 240958.29007959366
8587.5 255201.21840956807
8588.75 240769.77453678846
8590.0 235806.4355006218
8591.25 234552.33495688438
8592.5 247275.91130298376
8593.75 245710.61025333405
8595.0 267640.2353858948
8596.25 368067.23238658905
8597.5 894241.5599975586
8598.75 1400570.468383789
8600.0 934671.5588989258
8601.25 368512.4969763756
8602.5 256654.13183617592
8603.75 246096.9397892952
8605.0 234388.3273510933
8606.25 225316.22074842453
8607.5 233170.39079213142
8608.75 261782.9550743103
8610.0 246403.41624343395
8611.25 218476.87953805923
8612.5 255543.49209403992
8613.75 224545.81264185905
8615.0 211138.5934521854
8616.25 297489.55166214705
8617.5 337678.7306060791
8618.75 287987.6408224106
8620.0 221629.94477558136
8621.25 222965.92950248718
8622.5 218944.67976671457
8623.75 224831.19010686874
8625.0 234013.9935646057
8626.25 219695.66917473078
8627.5 253834.32854270935
8628.75 245043.7273054123
8630.0 255915.03353255987
8631.25 246074.723995924
8632.5 240438.9054889679
8633.75 204841.48349285126
8635.0 214846.85836565495
8636.25 214096.9625043869
8637.5 215245.54911719263
8638.75 215961.8286229372
8640.0 191790.70498228073
8641.25 196390.5992770195
8642.5 185299.5659941435
8643.75 182001.17571604252
8645.0 167165.14077281952
8646.25 197050.9451974854
8647.5 219530.61788392067
8648.75 273384.3551208973
8650.0 293720.8985671997
8651.25 232550.52721887827
8652.5 241765.42269349098
8653.75 259000.45060944557
8655.0 257684.7512512207
8656.25 230716.69790232182
8657.5 227830.91674733348
8658.75 272225.2652730942
8660.0 258513.34098911285
8661.25 238896.69886016846
8662.5 273334.60885477066
8663.75 721602.8274002075
8665.0 1575089.2630615234
8666.25 1357427.5184326172
8667.5 481307.0537791252
8668.75 262910.4354362488
8670.0 241031.76967924833
8671.25 209038.90064430237
8672.5 204592.49375594035
8673.75 201686.94516420364
8675.0 226781.93339973688
8676.25 190450.29039525986
8677.5 158312.36344242096
8678.75 181619.16717633605
8680.0 258763.97529888153
8681.25 262900.5954809189
8682.5 223009.46371126175
8683.75 248310.5043475628
8685.0 250421.8461227417
8686.25 241417.09388399124
8687.5 222903.0932647884
8688.75 188510.1353931427
8690.0 178020.83647346497
8691.25 167163.65281248093
8692.5 185955.44090414047
8693.75 164975.26019001007
8695.0 182335.49713480473
8696.25 188012.1450395584
8697.5 189344.42897558212
8698.75 179446.28183817863
8700.0 175114.7232066989
8701.25 170907.04016971588
8702.5 199665.77886795998
8703.75 204720.96394525468
8705.0 224720.44240665436
8706.25 172564.73047029972
8707.5 181242.51184257865
8708.75 193780.48785579205
8710.0 170836.98605382442
8711.25 200384.50088095665
8712.5 223483.49375343323
8713.75 183594.4989167452
8715.0 188078.03622841835
8716.25 191921.94386780262
8717.5 155589.26450753212
8718.75 196045.2607882023
8720.0 197676.22872543335
8721.25 200760.8724822998
8722.5 190473.05924129486
8723.75 188995.53482961655
8725.0 190766.19197249413
8726.25 296390.1447916031
8727.5 475555.1116732508
8728.75 413273.0611952543
8730.0 228048.90132319927
8731.25 184170.155305624
8732.5 200871.98096203804
8733.75 228599.94302594662
8735.0 220018.38930368423
8736.25 195882.72972512245
8737.5 180509.63308525085
8738.75 193176.3207511902
8740.0 194653.6370575428
8741.25 173698.70960877836
8742.5 190910.37508893013
8743.75 168146.64693194628
8745.0 188736.41368985176
8746.25 203334.97506141663
8747.5 224116.50610233843
8748.75 519927.35972595215
8750.0 1564308.0502929688
8751.25 1901556.6684570312
8752.5 903832.9901733398
8753.75 292089.0577287674
8755.0 218441.5273718834
8756.25 209429.54827451706
8757.5 244399.47208166122
8758.75 297471.8199081421
8760.0 381487.98931741714
8761.25 345889.47308668494
8762.5 248629.19225788116
8763.75 232316.3140772581
8765.0 287782.78277134895
8766.25 416821.8656282425
8767.5 429253.95543289185
8768.75 295111.124420166
8770.0 201618.26774013042
8771.25 189942.4383390071
8772.5 188451.85793304443
8773.75 213755.67307662964
8775.0 292667.69611501694
8776.25 427515.9179058075
8777.5 501876.35291290283
8778.75 366505.05886793137
8780.0 207959.50908088684
8781.25 166973.64580750465
8782.5 174668.99144744873
8783.75 177301.9976913929
8785.0 166602.39884787798
8786.25 175206.658390522
8787.5 186866.14558124542
8788.75 208936.30249977112
8790.0 262255.78417158127
8791.25 275503.37987065315
8792.5 190545.74230337143
8793.75 192323.98600029945
8795.0 189623.15747618675
8796.25 190036.34044271708
8797.5 181405.16786813736
8798.75 170685.13754051924
8800.0 194190.2806403637
8801.25 184121.01320171356
8802.5 161397.98589849472
8803.75 166637.84351351857
8805.0 162811.23907145858
8806.25 163083.67935669422
8807.5 186674.78058561683
8808.75 172570.15210819244
8810.0 181595.14386487007
8811.25 194094.20831108093
8812.5 188119.38241553307
8813.75 164413.8674455881
8815.0 173472.989102602
8816.25 174216.9938519001
8817.5 200849.90366274118
8818.75 171367.41550064087
8820.0 169316.84782767296
8821.25 193611.25153550506
8822.5 204211.48694562912
8823.75 271096.8938705921
8825.0 533863.062238574
8826.25 820601.475189209
8827.5 585407.0283660889
8828.75 230724.9809806347
8830.0 201048.00576663017
8831.25 224096.32754328847
8832.5 224357.57940083742
8833.75 239763.2024885416
8835.0 371056.0389544964
8836.25 385857.6536679268
8837.5 258048.78256386518
8838.75 168524.30808448792
8840.0 204445.53328961134
8841.25 199861.17203760147
8842.5 190379.09522747993
8843.75 192481.8474225998
8845.0 262467.65488290787
8846.25 296076.0121104717
8847.5 270814.36881138384
8848.75 278370.76006019115
8850.0 263795.1145660877
8851.25 220102.58903312683
8852.5 198346.08202123642
8853.75 193442.60499691963
8855.0 186224.28012406826
8856.25 196023.38379836082
8857.5 186349.76416301727
8858.75 183450.82283306122
8860.0 269979.38356494904
8861.25 798911.5801925659
8862.5 2114671.7673339844
8863.75 2268618.423828125
8865.0 947191.6454086304
8866.25 403144.2219800949
8867.5 334484.6230945587
8868.75 209114.42537164688
8870.0 203795.27352523804
8871.25 169167.93197473884
8872.5 185404.78705897927
8873.75 187021.13209438324
8875.0 197536.53182435036
8876.25 188374.62981195748
8877.5 182639.27192223072
8878.75 169528.84649592638
8880.0 183278.32796764374
8881.25 195850.32071524858
8882.5 205049.66896283627
8883.75 397848.21585559845
8885.0 647885.5906944275
8886.25 451879.47669410706
8887.5 204204.03267067485
8888.75 200566.9983408451
8890.0 184649.25659000874
8891.25 197322.25557994843
8892.5 222280.85126490146
8893.75 232578.84439015388
8895.0 214890.23174370825
8896.25 210299.83693504333
8897.5 177664.21984866261
8898.75 166720.54231536388
8900.0 217924.0021840334
8901.25 310077.15950608253
8902.5 374792.41872787476
8903.75 288668.9876656532
8905.0 214987.93304157257
8906.25 161948.8624780178
8907.5 191817.66529130936
8908.75 208180.13508102298
8910.0 205008.82120275497
8911.25 194203.6287227869
8912.5 186406.4956279993
8913.75 189717.28335475922
8915.0 207880.15512394905
8916.25 219631.96258080006
8917.5 444422.19927573204
8918.75 717962.1375274658
8920.0 546631.2043685913
8921.25 244816.94155716896
8922.5 192286.95922470093
8923.75 189407.66001701355
8925.0 193064.69775384665
8926.25 173996.02572254837
8927.5 182446.17995154858
8928.75 189197.24946759455
8930.0 190244.1861832142
8931.25 207180.1162161827
8932.5 190394.09026136436
8933.75 186029.19354188442
8935.0 173190.0345401764
8936.25 195753.1897726059
8937.5 177898.29030561447
8938.75 188755.25272902846
8940.0 173314.07432848215
8941.25 264901.40772914886
8942.5 362415.92127132416
8943.75 304443.8992319107
8945.0 194567.6529994011
8946.25 183552.9234266281
8947.5 191697.71321588755
8948.75 175548.06280517578
8950.0 188863.4066760838
8951.25 178142.03486430645
8952.5 176435.5479633808
8953.75 184882.21957683563
8955.0 221455.75521296263
8956.25 457875.9064102173
8957.5 578066.782989502
8958.75 382881.1918373108
8960.0 207558.7533648014
8961.25 162534.86740875244
8962.5 172545.17700195312
8963.75 170274.87090420723
8965.0 160165.08385562897
8966.25 183536.65923023224
8967.5 162647.86965942383
8968.75 179265.2272696495
8970.0 170183.07600331306
8971.25 168541.51151049137
8972.5 149236.48477745056
8973.75 205231.4665554762
8975.0 192978.909137249
8976.25 174549.32498177886
8977.5 177210.81036746502
8978.75 172220.26147651672
8980.0 180901.91553997993
8981.25 175688.55872398615
8982.5 198704.46484565735
8983.75 200313.44387817383
8985.0 205090.8646287918
8986.25 192414.62182712555
8987.5 279717.3108525276
8988.75 245531.76528787613
8990.0 180297.4859753847
8991.25 188044.2115465924
8992.5 203688.89333605766
8993.75 196478.54641795158
8995.0 219993.52027893066
8996.25 279823.42841625214
8997.5 305970.61629104614
8998.75 313865.3147125244
9000.0 415196.21183133125
9001.25 411924.44922065735
9002.5 251195.97106993198
9003.75 204703.37998700142
9005.0 195715.0546373725
9006.25 192060.70026504993
9007.5 189094.948097229
9008.75 189639.97763323784
9010.0 199516.16569644213
9011.25 238827.9334383011
9012.5 374578.33243083954
9013.75 1360670.7852783203
9015.0 2874181.9907226562
9016.25 2290874.901123047
9017.5 723866.340045929
9018.75 265330.02997016907
9020.0 232527.0272344947
9021.25 206078.5077946186
9022.5 173257.06990766525
9023.75 190079.91337251663
9025.0 182980.17825078964
9026.25 206565.63420408964
9027.5 188884.6211926937
9028.75 186214.6747288704
9030.0 213127.63997215033
9031.25 225832.87653297186
9032.5 192542.8068356514
9033.75 191924.1389989853
9035.0 217909.32563114166
9036.25 241866.36502683163
9037.5 271813.244178772
9038.75 218389.89424297772
9040.0 205111.32138681412
9041.25 200725.05978113413
9042.5 198999.22608661652
9043.75 199988.48084402084
9045.0 198411.05978441238
9046.25 208181.40439224243
9047.5 298677.39365673065
9048.75 317820.1617665291
9050.0 274534.87714385986
9051.25 224856.43102788925
9052.5 222453.1213300228
9053.75 244047.16670894623
9055.0 210799.20626544952
9056.25 248661.97683858871
9057.5 247428.07604789734
9058.75 226432.94983434677
9060.0 246544.07288074493
9061.25 311859.46646404266
9062.5 418324.6516242027
9063.75 526624.7645406723
9065.0 668950.5778884888
9066.25 2073700.210571289
9067.5 14492216.857421875
9068.75 49858803.40625
9070.0 53681966.4140625
9071.25 18107501.11328125
9072.5 2138439.829711914
9073.75 621391.2331447601
9075.0 415651.9560559988
9076.25 359069.76899302006
9077.5 300917.9897854924
9078.75 273283.2307088375
9080.0 250952.26163864136
9081.25 232543.99564826488
9082.5 216310.15474641323
9083.75 202964.91323947906
9085.0 198411.13262748718
9086.25 215819.52395904064
9087.5 196752.35580211878
9088.75 202732.31447905116
9090.0 220316.19005012512
9091.25 230541.37999761105
9092.5 239103.0764093399
9093.75 237977.67835760117
9095.0 268010.66714167595
9096.25 298354.30099630356
9097.5 232196.10888957977
9098.75 218784.15326978266
9100.0 218315.95311450958
9101.25 262956.8122329712
9102.5 241027.01656889915
9103.75 234237.41367721558
9105.0 201852.8505373001
9106.25 200996.88685465604
9107.5 180293.61627590656
9108.75 219359.88253378868
9110.0 221230.93800401688
9111.25 224658.1453151703
9112.5 220522.1355829239
9113.75 225618.44212651253
9115.0 218128.74397611618
9116.25 210000.31924808025
9117.5 181824.2215448618
9118.75 194009.84999358654
9120.0 201468.46982622147
9121.25 218472.27147340775
9122.5 220473.57675766945
9123.75 266185.0497328043
9125.0 266550.4884738922
9126.25 226506.05553787947
9127.5 209523.72557020187
9128.75 178761.11103606224
9130.0 189090.97733217478
9131.25 212532.4252433777
9132.5 180384.40249669552
9133.75 205656.41696596146
9135.0 206652.97419571877
9136.25 176114.7231411934
9137.5 206363.31374883652
9138.75 194458.97879505157
9140.0 191368.22865188122
9141.25 217167.45205068588
9142.5 195451.0054036379
9143.75 194951.29277915135
9145.0 177770.35436683893
9146.25 205814.02569395304
9147.5 199897.59605383873
9148.75 208864.36634397507
9150.0 220097.78872704506
9151.25 214938.62074422836
9152.5 219185.53490066528
9153.75 202974.1296596527
9155.0 204487.96144932508
9156.25 192526.6392684579
9157.5 221271.14626932144
9158.75 207739.26435756683
9160.0 205560.40370178223
9161.25 219598.7020187378
9162.5 213153.58436322212
9163.75 200731.44172644615
9165.0 179219.6507909298
9166.25 230353.1357910633
9167.5 216577.16884160042
9168.75 210578.2671468258
9170.0 206724.5671057701
9171.25 186214.97998547554
9172.5 193662.3596894741
9173.75 202734.19887572527
9175.0 212524.50672578812
9176.25 238363.83170199394
9177.5 228717.78230309486
9178.75 227389.16538852453
9180.0 211873.15565109253
9181.25 216790.3414452076
9182.5 191870.21095347404
9183.75 195822.2827782631
9185.0 191676.08256864548
9186.25 208297.66862010956
9187.5 210761.7282154858
9188.75 210198.77020265162
9190.0 191660.7772912234
9191.25 206537.4524628967
9192.5 207376.738558352
9193.75 205107.77500486374
9195.0 184623.76844000816
9196.25 210083.555639863
9197.5 207096.81852401793
9198.75 217910.3150869608
9200.0 235194.3984336853
9201.25 220108.6417236328
9202.5 218865.7197189331
9203.75 238783.65440034866
9205.0 231934.76772284508
9206.25 256832.8341436386
9207.5 202915.98194026947
9208.75 236504.04710194468
9210.0 322990.65438067913
9211.25 336443.9655418396
9212.5 267740.0641360283
9213.75 270260.12805444
9215.0 232691.90041632205
9216.25 238066.8347454071
9217.5 206596.3795146942
9218.75 263258.6779088974
9220.0 242773.65411928296
9221.25 210015.8026342392
9222.5 241289.46173390746
9223.75 243695.40278053284
9225.0 296346.42576789856
9226.25 411467.6375055313
9227.5 1317430.1300964355
9228.75 3614049.6162109375
9230.0 3994934.8891601562
9231.25 1666050.9731445312
9232.5 407851.5935778618
9233.75 246559.3460882902
9235.0 212438.64042401314
9236.25 228746.93804824352
9237.5 232438.05080917478
9238.75 202392.6697409153
9240.0 198676.40907287598
9241.25 224170.93715906143
9242.5 212488.50031906366
9243.75 202730.51611185074
9245.0 182393.68573772907
9246.25 221838.23587942123
9247.5 173232.06868076324
9248.75 209164.38084483147
9250.0 207317.63130617142
9251.25 198054.95776444674
9252.5 227970.22425411642
9253.75 187412.10338029265
9255.0 186394.9379734993
9256.25 203914.81746530533
9257.5 208072.89091825485
9258.75 194939.15612649918
9260.0 204730.3063930273
9261.25 236016.98638367653
9262.5 252864.10522460938
9263.75 205957.88294529915
9265.0 237628.61479902267
9266.25 202254.26205207407
9267.5 199720.29643440247
9268.75 204814.066737175
9270.0 198720.28881204128
9271.25 195375.95416742563
9272.5 181863.5719307661
9273.75 205347.76076340675
9275.0 211387.79828691483
9276.25 201269.6621015072
9277.5 210473.92329406738
9278.75 188735.58196640015
9280.0 207907.84476324916
9281.25 218182.81689953804
9282.5 236838.23301649094
9283.75 230254.17432117462
9285.0 239131.21574676037
9286.25 248978.97487342358
9287.5 244990.89205432404
9288.75 230545.832788229
9290.0 257557.54768919945
9291.25 248154.23165905476
9292.5 261611.64608684182
9293.75 260466.23758983612
9295.0 266672.69249099493
9296.25 272850.668361187
9297.5 248584.2573184967
9298.75 236146.45881652832
9300.0 264643.8982143402
9301.25 277511.3374261856
9302.5 291747.1829020381
9303.75 355799.65220332146
9305.0 504409.9692630768
9306.25 560056.5257913172
9307.5 484717.5694618225
9308.75 378429.59569084644
9310.0 376402.8924896717
9311.25 542549.1296415329
9312.5 716487.8648281097
9313.75 530107.5465335846
9315.0 284304.524638325
9316.25 288133.99614429474
9317.5 301695.0052881241
9318.75 281845.8254572153
9320.0 329159.90638685226
9321.25 489322.79610967636
9322.5 666695.9498462677
9323.75 553101.6143212318
9325.0 316635.6146685183
9326.25 249445.07112431526
9327.5 238464.40342617035
9328.75 280482.0941581726
9330.0 261862.45292294025
9331.25 262898.40938305855
9332.5 212473.74180722237
9333.75 219071.47256422043
9335.0 235380.99722397327
9336.25 274196.6246213913
9337.5 318162.10280132294
9338.75 227263.6076579094
9340.0 184057.0011935234
9341.25 159852.89878034592
9342.5 122817.62198281288
9343.75 125094.74202594161
9345.0 152984.9703105688
9346.25 151829.95897947252
9347.5 202563.71988649666
9348.75 212295.1825108528
9350.0 209508.95693397522
9351.25 187748.28319239616
9352.5 166851.39412164688
9353.75 133024.05791175365
9355.0 146604.3892660141
9356.25 159186.46151590347
9357.5 124615.74264636636
9358.75 142898.87987017632
9360.0 195807.95714747906
9361.25 204515.62819433212
9362.5 176323.60587525368
9363.75 165823.681307137
9365.0 161468.86212480068
9366.25 207020.78998409212
